6.51431608,923.27502441
14.19488716,914.87170410
17.28778076,1099.45349121
41.18451691,878.77239990
66.04914093,975.00823975
65.56575012,923.97290039
78.57256317,995.15008545
88.10652924,1019.49316406
100.38435364,1024.89721680
105.42481995,1024.31408691
109.92312622,954.41699219
119.57773590,850.04357910
133.52601624,1004.85552979
142.09327698,913.90985107
145.46520996,903.46362305
145.43556213,1011.09979248
159.97601318,1049.85302734
168.12817383,873.85162354
311.70782471,1325.53649902
313.76885986,1330.60986328
318.19119263,1336.20422363
173.74079895,1054.98461914
322.49911499,1331.59765625
323.88195801,1322.43249512
327.99630737,1337.27990723
327.99630737,1337.27990723
193.69332886,969.22485352
196.19860840,964.62719727
196.80610657,971.58880615
194.88966370,1001.62585449
199.73486328,980.90942383
326.24588013,1424.10559082
202.60742188,983.53662109
328.87652588,1400.23046875
336.97586060,1231.99340820
336.97586060,1231.99340820
191.11961365,1144.55810547
212.44915771,985.94757080
198.30578613,815.48443604
191.19351196,1184.99133301
348.38143921,1240.35009766
357.36013794,1330.87329102
355.71917725,1238.31567383
228.73971558,951.84570312
221.95668030,820.48071289
361.33053589,1236.21997070
356.51092529,1318.04907227
221.60783386,1112.92749023
384.57363892,1290.15661621
227.35829163,1123.31762695
244.81535339,995.54864502
252.72151184,910.83862305
251.19038391,956.88330078
251.19038391,956.88330078
379.72216797,1343.42211914
379.72216797,1343.42211914
242.66423035,811.61584473
253.08711243,963.08685303
255.78808594,922.53027344
255.99937439,939.52783203
255.99937439,939.52783203
237.44284058,1136.29736328
237.44284058,1136.29736328
258.48895264,935.89404297
256.46313477,964.35809326
384.82852173,1339.18298340
260.52758789,914.16693115
250.27719116,810.28594971
251.25651550,805.86053467
386.06307983,1243.14392090
388.77804565,1334.81372070
384.57363892,1290.15661621
388.90261841,1239.73962402
391.14529419,1339.61230469
266.09637451,956.65985107
386.74722290,1273.93725586
390.57382202,1344.59936523
390.57382202,1344.59936523
269.97286987,903.06439209
390.17028809,1255.37414551
393.24414062,1350.69665527
255.47572327,805.86987305
269.96728516,974.42022705
274.65847778,900.79071045
398.11373901,1340.47302246
256.79800415,1129.13525391
256.79800415,1129.13525391
276.93338013,939.51220703
275.92230225,968.57080078
251.50405884,1209.38500977
251.50405884,1209.38500977
275.92004395,978.54925537
280.78356934,966.33673096
407.62268066,1332.44091797
406.51904297,1341.75756836
286.97824097,923.91558838
287.11041260,970.79516602
405.64248657,1276.56408691
405.64248657,1276.56408691
406.02770996,1321.87438965
296.51062012,926.78112793
296.51062012,926.78112793
416.21054077,1337.75158691
296.90515137,918.05883789
414.29925537,1290.07983398
302.99075317,916.94287109
274.78039551,1210.86193848
420.40960693,1281.11914062
296.64166260,795.41613770
296.64166260,795.41613770
429.21850586,1344.26525879
419.82308960,1411.33996582
426.98754883,1251.95434570
309.80960083,889.60418701
433.30520630,1344.34020996
433.30520630,1344.34020996
434.72454834,1337.64404297
438.54684448,1330.71093750
287.94464111,1206.47326660
318.15621948,950.88836670
320.25262451,945.08038330
320.00830078,929.69158936
441.65710449,1345.60217285
443.96807861,1331.52966309
445.39279175,1351.56994629
451.31665039,1338.36791992
445.79071045,1401.93432617
445.06576538,1443.06909180
337.61645508,944.02947998
451.31665039,1338.36791992
449.40084839,1454.25280762
449.40084839,1454.25280762
462.29324341,1340.06933594
345.30929565,945.52703857
461.70733643,1427.07824707
475.59240723,1350.42639160
489.97296143,1352.33068848
497.08331299,1363.72167969
504.41021729,1414.96984863
515.35217285,1355.87329102
513.70910645,1366.01062012
427.68524170,801.59027100
550.97668457,1533.74401855
738.57519531,1137.06433105
736.29144287,1326.97827148
736.29144287,1326.97827148
748.27258301,1138.86291504
747.41046143,1150.82226562
750.41400146,1134.05603027
750.41400146,1134.05603027
748.88311768,1143.62829590
740.75927734,1331.12683105
741.81048584,1325.59289551
741.81048584,1325.59289551
741.82666016,1328.39550781
754.84619141,1131.53869629
754.84619141,1131.53869629
756.81427002,1340.19812012
776.53894043,1334.17944336
784.96704102,1330.81555176
799.54113770,1353.27990723
808.91467285,1192.03027344
845.91009521,722.87860107
806.81219482,1371.46838379
937.66314697,116.25248718
825.32421875,1153.92761230
831.10461426,1152.36657715
993.17553711,877.04266357
1012.10949707,163.80484009
1014.77709961,77.82434082
1039.27880859,191.02967834
1032.77600098,543.10211182
1034.16381836,621.52478027
1039.28527832,545.21643066
1038.91589355,619.92974854
1044.26245117,336.06118774
1022.16876221,1343.79187012
1022.16876221,1343.79187012
1043.16564941,634.44757080
1045.58422852,537.89801025
1049.76293945,476.51690674
1048.88635254,557.26733398
1048.88635254,557.26733398
1053.45581055,340.36206055
1048.45349121,632.12567139
1053.72998047,325.12503052
1050.21130371,507.73004150
1059.13281250,297.04437256
1059.48083496,326.75689697
1059.87768555,455.11679077
1063.63452148,290.92504883
1063.53210449,313.04843140
1064.54589844,462.46890259
1063.54443359,504.35778809
1057.64013672,778.01763916
1063.00817871,561.10784912
1065.23510742,479.53021240
1067.10705566,408.93411255
1067.01489258,533.60723877
1066.25402832,630.49627686
1073.02917480,413.82785034
1071.24865723,484.14035034
1071.24865723,484.14035034
1048.29235840,1398.96252441
1069.70654297,609.34759521
1073.03894043,511.25903320
1073.78881836,568.44049072
1074.05285645,502.61029053
1072.08251953,589.89068604
1069.06762695,770.35455322
1049.59899902,1551.39318848
1048.15039062,1556.58508301
1052.54394531,1486.55444336
1067.32202148,960.29791260
1067.73461914,972.21282959
1055.94958496,1551.87438965
1057.11682129,1557.08117676
1057.11682129,1557.08117676
1068.36035156,1602.94165039
1067.63684082,1595.46472168
1067.41687012,1628.35729980
1073.42797852,1591.75500488
