9.93758488,565.09362793
12.10259056,6.15570593
17.17037392,3.11060166
17.43894577,6.80409765
184.45500183,1095.86267090
185.50166321,1092.37536621
188.36795044,1109.35375977
189.33155823,1119.84826660
190.54420471,1128.48852539
191.34320068,1123.13269043
191.95860291,1131.72192383
192.95744324,1135.74316406
218.44856262,640.38311768
223.40721130,983.49713135
219.31782532,632.39520264
219.38841248,627.85083008
222.31022644,598.52703857
223.07168579,557.06115723
224.50473022,572.81176758
224.80691528,567.70776367
225.16720581,590.14166260
225.69996643,570.48321533
225.79566956,559.72796631
225.79566956,559.72796631
226.27555847,525.71130371
228.16229248,534.13049316
229.99142456,516.22106934
230.56332397,487.11810303
231.76565552,505.87176514
233.08013916,462.70263672
233.68827820,457.96160889
235.48345947,467.23495483
261.43395996,215.32818604
261.45776367,210.90220642
263.45919800,233.93301392
267.12408447,240.83634949
328.79013062,1893.73278809
330.33432007,1788.20019531
331.94976807,1679.11791992
336.30474854,1819.42504883
336.85919189,1810.16113281
336.80834961,1792.40942383
337.24508667,1805.27355957
339.04589844,1764.25329590
339.24911499,1749.08166504
340.64868164,1786.86743164
339.80902100,1742.07006836
341.27819824,1721.61706543
342.65963745,1768.86938477
342.65963745,1768.86938477
341.94891357,1709.73608398
342.06808472,1715.07800293
342.61044312,1744.13085938
341.95587158,1666.49487305
343.76318359,1723.72546387
343.21301270,1684.35021973
344.89328003,1696.22924805
345.72924805,1676.66711426
345.87341309,1640.43542480
346.39529419,1624.89221191
347.19091797,1648.02124023
345.99530029,1572.02258301
347.96685791,1662.33618164
348.33224487,1567.28735352
350.84240723,1571.87951660
348.94689941,1471.15039062
350.82974243,1534.12670898
351.34878540,1482.97204590
353.27175903,1536.26855469
353.23306274,1530.25915527
354.09628296,1468.36022949
359.02804565,1375.15185547
359.09140015,1372.38964844
360.19989014,1373.67895508
361.44729614,1381.01770020
370.76303101,1780.12072754
362.00875854,1279.86962891
363.80767822,1360.74084473
364.30090332,1336.79028320
362.96582031,1276.16186523
364.40396118,1300.22607422
364.33547974,1280.96862793
371.20739746,1676.86035156
365.95019531,1309.48876953
371.03503418,1575.14831543
367.19970703,1285.87902832
369.29687500,1377.01550293
367.19641113,1245.68798828
371.25387573,1477.62011719
368.64196777,1260.09411621
368.89892578,1270.23547363
371.21112061,1370.85363770
374.39569092,1567.87109375
368.36901855,1189.36169434
369.54724121,1243.00878906
369.27835083,1208.92004395
369.36099243,1203.29016113
371.26049805,1274.42712402
370.54037476,1190.86669922
370.58465576,1187.50158691
374.40560913,1379.91882324
371.73410034,1206.20251465
371.98977661,1199.60583496
378.25231934,1568.75061035
378.25231934,1568.75061035
380.99761963,1677.56604004
373.88732910,1197.70788574
371.95242310,1073.29931641
381.73852539,1482.16528320
383.70129395,1570.00769043
383.70129395,1570.00769043
380.43518066,1387.32678223
384.95111084,1485.72888184
384.95111084,1485.72888184
383.17733765,1207.15270996
388.26925659,1484.49084473
386.39929199,1380.74084473
388.37127686,1391.86132812
383.17663574,929.19641113
384.22927856,992.52783203
391.08276367,1383.86865234
385.65060425,1075.97631836
384.22927856,992.52783203
384.27630615,983.78167725
386.72207642,1053.15209961
392.64099121,1394.54150391
386.12677002,930.95684814
388.48004150,1026.57971191
388.46609497,1019.37152100
388.55349731,1014.63647461
388.58120728,999.15948486
388.77542114,1005.48095703
387.70678711,935.97125244
400.41418457,1665.97351074
386.47259521,869.89318848
386.18124390,860.70861816
389.98968506,1034.69750977
389.53115845,996.61029053
389.24053955,985.60760498
390.73550415,1019.24450684
390.84808350,1024.92700195
390.77163696,1012.91772461
389.06781006,922.91931152
389.52395630,933.52435303
402.84939575,1676.28259277
394.93109131,1212.31201172
395.19180298,1219.13928223
390.37365723,931.45837402
390.30474854,921.28070068
392.07742310,1003.71759033
396.19982910,1215.42199707
390.44372559,864.25994873
391.88665771,939.29138184
391.88665771,939.29138184
393.08654785,999.35400391
403.76766968,1581.53930664
392.35110474,934.13476562
392.55108643,919.57165527
391.84820557,880.31231689
392.28747559,871.38189697
399.99169922,1226.43957520
394.78024292,927.69409180
400.19198608,1224.04956055
405.01596069,1483.54980469
400.43218994,1214.19421387
395.88687134,943.60668945
398.66113281,1089.30895996
397.43038940,1006.11236572
407.98367310,1482.28808594
408.45669556,1485.20996094
408.45669556,1485.20996094
409.48318481,1492.29479980
410.00982666,1483.44641113
404.73312378,1123.43725586
403.26556396,1014.23431396
401.23101807,884.16436768
404.09747314,1017.22766113
412.99316406,1484.04150391
415.17694092,1481.99108887
415.17694092,1481.99108887
401.34597778,629.89648438
409.89541626,1023.36688232
410.11242676,1020.75421143
410.28250122,1018.09515381
404.76690674,620.56921387
405.62203979,600.57806396
413.38034058,1028.50854492
418.80035400,1317.29309082
405.69250488,589.02587891
413.85083008,1026.27050781
415.10293579,768.58294678
413.53982544,902.08050537
409.58584595,641.15161133
408.74902344,568.89831543
409.42132568,564.05554199
409.42132568,564.05554199
415.10293579,768.58294678
420.06491089,1032.42651367
419.03033447,961.67785645
418.38864136,916.63842773
419.45959473,947.60809326
416.34286499,779.27062988
421.32714844,1034.25769043
421.93286133,1038.07324219
422.01956177,1040.73999023
420.46264648,926.09863281
431.32736206,1500.96838379
414.83999634,579.59002686
431.58898926,1411.39025879
424.34289551,991.46520996
423.65631104,935.93457031
423.65631104,935.93457031
424.13604736,955.73260498
424.51446533,959.63018799
424.33706665,941.54577637
423.12484741,857.17724609
423.64462280,862.66564941
422.37332153,798.89666748
425.53979492,953.04901123
425.46310425,935.11474609
434.82885742,1413.44519043
426.13165283,939.34094238
428.16165161,1043.14318848
436.86477661,1503.35864258
427.43798828,991.75421143
424.65893555,836.16265869
424.40399170,818.69421387
423.59487915,725.27441406
429.40927124,1047.72924805
426.29776001,868.65557861
424.99621582,789.88854980
428.35690308,955.33575439
428.35690308,955.33575439
424.43341064,740.57812500
430.18356323,1043.14843750
430.18356323,1043.14843750
423.32894897,674.38787842
437.83435059,1421.46105957
426.93161011,822.08850098
431.43621826,1050.73535156
425.37188721,723.62451172
425.37188721,723.62451172
436.88644409,1340.50256348
431.44525146,1053.65905762
428.46298218,873.73162842
423.90734863,622.77581787
428.57287598,867.10626221
428.57440186,851.03234863
428.59710693,826.68347168
437.39373779,1257.44555664
429.47061157,838.80737305
427.34848022,721.51568604
431.92828369,945.76995850
431.83865356,965.42681885
431.96096802,921.06561279
428.50552368,711.43347168
431.70523071,882.25408936
433.78482056,974.11877441
433.14703369,931.66375732
433.14703369,931.66375732
433.48129272,948.24859619
433.48129272,948.24859619
432.19549561,874.02044678
439.51406860,1253.32421875
433.55996704,939.66424561
433.55996704,939.66424561
427.85684204,630.85253906
437.85873413,1172.19091797
430.02124023,717.06695557
432.13168335,826.14263916
440.30856323,1263.04455566
436.55914307,1061.71752930
432.31860352,822.78735352
440.56811523,1259.89257812
430.51763916,710.04052734
434.57492065,915.23193359
436.16021729,995.18237305
444.32321167,1422.27624512
433.31076050,826.78259277
433.83242798,847.08825684
435.62966919,937.21954346
429.71078491,618.40234375
429.71078491,618.40234375
430.04406738,630.13616943
435.99621582,950.54534912
435.36825562,907.78094482
436.99780273,970.11285400
437.69692993,1003.35943604
432.72894287,718.81542969
434.57330322,820.22570801
432.88085938,710.52990723
434.09729004,765.21520996
436.64337158,898.80615234
443.26998901,1263.30114746
437.89501953,964.24609375
431.93038940,636.21405029
436.17919922,854.97631836
436.12393188,851.82983398
431.81665039,618.80645752
440.91116333,1043.19458008
440.91116333,1043.19458008
437.42456055,904.56127930
437.42456055,904.56127930
439.93115234,1038.88452148
435.62304688,806.93597412
456.53085327,1922.04333496
434.54098511,744.08489990
436.35690308,845.32867432
438.30258179,949.24615479
435.35708618,760.57208252
434.78018188,728.98889160
436.46466064,818.06219482
434.66683960,718.14959717
439.63769531,977.06726074
439.63769531,977.06726074
432.75161743,611.34246826
439.63769531,977.06726074
443.39120483,1170.11633301
434.89184570,714.07330322
438.13281250,876.32397461
435.82247925,734.01373291
440.62915039,983.03710938
438.21987915,852.80786133
436.86117554,766.44219971
433.87579346,608.26580811
441.73687744,1025.25634766
440.31039429,946.95855713
434.39062500,627.70086670
436.67428589,748.45275879
439.73754883,901.50866699
438.05340576,806.26068115
442.61395264,1039.65759277
439.87966919,886.02801514
441.81579590,986.19366455
441.81579590,986.19366455
435.46621704,650.62585449
441.89862061,979.25177002
435.95614624,645.99212646
440.07986450,863.07214355
435.47317505,612.26092529
440.72622681,880.84509277
440.74343872,875.42938232
441.37243652,890.37286377
436.24359131,616.15051270
444.11557007,1025.54724121
444.11557007,1025.54724121
443.16339111,972.71447754
443.16339111,972.71447754
453.31231689,1497.92199707
439.94436646,788.50506592
442.86810303,947.64477539
436.78137207,620.70135498
440.60226440,826.12554932
443.20593262,955.22692871
443.86981201,980.32031250
437.28710938,630.25750732
444.30419922,991.41729736
437.51867676,614.46856689
442.67474365,885.78955078
442.67474365,885.78955078
442.23413086,862.18652344
442.55163574,870.68078613
444.42950439,959.55493164
441.99121094,833.70257568
443.32510376,901.20416260
438.21603394,618.04785156
438.21603394,618.04785156
441.68487549,789.65423584
445.03253174,963.17266846
444.45370483,930.78558350
445.07525635,961.21777344
443.09915161,851.61853027
446.95828247,1051.04418945
439.70495605,663.23205566
447.80462646,1077.42407227
439.53222656,631.91357422
443.02703857,807.39654541
439.84741211,639.12133789
440.18316650,652.72027588
447.03833008,988.06799316
445.08651733,884.72717285
445.08651733,884.72717285
446.85681152,979.08142090
442.02847290,693.30133057
445.24334717,846.24969482
446.05062866,881.55218506
455.03323364,1351.99865723
441.81164551,659.10235596
445.69543457,890.85198975
447.24526978,940.76611328
444.26712036,780.62054443
444.26712036,780.62054443
446.12365723,872.28161621
445.29882812,824.63983154
445.86572266,853.27722168
449.61685181,1036.62719727
449.61685181,1036.62719727
450.53552246,1081.88317871
448.13507080,954.35260010
442.89874268,678.62384033
449.11700439,979.58911133
449.11700439,979.58911133
448.40002441,931.19616699
446.23242188,821.01885986
446.23242188,821.01885986
446.60427856,828.62878418
448.93994141,946.86248779
448.93994141,946.86248779
450.13238525,1002.79785156
456.87356567,1348.30175781
450.13583374,993.47589111
452.10021973,1085.98669434
452.10021973,1085.98669434
450.23910522,962.25714111
450.23910522,962.25714111
446.81161499,780.57739258
448.96365356,890.31433105
451.53909302,1019.17547607
451.53909302,1019.17547607
447.35449219,801.67102051
446.67071533,759.44305420
451.06234741,988.45715332
450.81298828,967.51940918
450.81298828,967.51940918
449.89950562,920.44860840
453.27047729,1081.53955078
445.70599365,689.84796143
448.43194580,826.06311035
450.40823364,928.90399170
448.40536499,816.46368408
453.57885742,1085.76171875
451.17245483,952.92529297
450.97784424,939.95013428
452.38735962,983.64263916
453.17984009,1010.90869141
448.71618652,765.20019531
453.09994507,986.78991699
451.14874268,882.65649414
451.14874268,882.65649414
449.75881958,808.89135742
449.75881958,808.89135742
449.75881958,808.89135742
450.61267090,847.79895020
450.61267090,847.79895020
450.01907349,814.23388672
455.26580811,1084.34533691
451.05966187,859.83966064
460.70895386,1350.92443848
455.55664062,1071.86755371
455.55664062,1071.86755371
453.01174927,926.37744141
453.24871826,934.08245850
450.71994019,803.61370850
448.60479736,684.07177734
448.60479736,684.07177734
453.99664307,955.14630127
456.41793823,1079.30419922
450.53900146,772.91870117
452.14443970,844.54412842
452.14443970,844.54412842
455.35891724,1002.35479736
456.33615112,1035.36022949
452.17297363,812.50372314
452.17297363,812.50372314
453.14321899,821.58605957
457.16690063,1057.29003906
454.67584229,917.41693115
457.72494507,1073.69897461
463.03128052,1352.63952637
458.06362915,1092.60205078
453.17657471,834.94708252
456.17291260,973.16564941
457.25555420,1029.96459961
452.64208984,787.49121094
452.90832520,800.83093262
455.09854126,901.79095459
456.28240967,940.07324219
458.38635254,1045.77294922
458.07214355,1019.37145996
458.37872314,1034.60827637
456.38040161,919.32696533
459.63980103,1079.73815918
457.48962402,965.17449951
457.48962402,965.17449951
455.89846802,864.98614502
464.36148071,1291.26354980
455.20745850,799.76062012
457.74685669,926.59320068
459.98837280,1032.85412598
455.74078369,807.26928711
457.78869629,905.60656738
460.89981079,1053.99536133
460.89981079,1053.99536133
459.74157715,977.64508057
459.79342651,970.47808838
459.72824097,938.35839844
457.52819824,822.74285889
457.21813965,804.70776367
458.00088501,846.38018799
462.32482910,1048.92846680
463.15121460,1081.04565430
458.36257935,819.40814209
461.67727661,988.25823975
461.67727661,988.25823975
460.78176880,932.83203125
463.13162231,1052.51513672
462.90780640,1035.64746094
458.65936279,814.63299561
463.44158936,1056.75585938
462.45947266,996.65112305
465.08105469,1098.71789551
460.92453003,880.42034912
460.92453003,880.42034912
461.13839722,870.65380859
460.49142456,818.70263672
462.09945679,899.94836426
465.38449097,1060.09228516
476.57574463,1585.06823730
464.83786011,1023.19824219
462.45941162,883.52435303
473.12762451,1431.56628418
464.49035645,986.79376221
464.68896484,993.73724365
463.52706909,925.48248291
465.56777954,1026.65612793
463.52450562,895.37207031
467.55743408,1102.50988770
466.17828369,1020.12457275
463.68298340,878.51660156
463.68298340,878.51660156
466.93273926,1035.18530273
466.93273926,1035.18530273
468.44595337,1107.18994141
467.24740601,1028.64819336
465.20208740,921.30450439
465.63485718,924.77252197
474.26202393,1367.43823242
465.84442139,935.64526367
465.84442139,935.64526367
464.41122437,825.97790527
475.80194092,1371.61926270
465.26327515,839.68316650
477.35964966,1439.15637207
466.87149048,894.63000488
469.01232910,1014.78729248
449.60739136,-5.06131077
474.99020386,1297.58447266
468.66577148,954.25500488
468.66577148,954.25500488
467.91311646,905.18011475
470.05682373,1006.86462402
470.05682373,1006.86462402
469.04248047,943.14581299
466.94686890,832.71441650
471.14791870,1038.36499023
470.75265503,990.59747314
469.07534790,879.20800781
472.31542969,1045.15490723
471.82040405,1015.11108398
477.55154419,1299.52758789
470.27005005,930.47344971
469.57318115,890.27410889
468.78134155,846.64697266
471.10726929,967.59332275
470.76571655,904.33819580
469.53924561,838.13970947
472.12783813,965.03332520
473.97772217,1055.30786133
473.97772217,1055.30786133
473.97772217,1055.30786133
473.48986816,990.60107422
472.53955078,932.55053711
471.04919434,842.94201660
472.65206909,917.99871826
457.49835205,127.85478210
472.54684448,875.94720459
473.18112183,900.07598877
458.77581787,138.90449524
475.60287476,998.97528076
474.47100830,940.86193848
477.03396606,1061.34143066
473.94216919,897.30877686
473.47067261,870.76489258
480.73269653,1232.33276367
475.28036499,953.36138916
477.51968384,1052.12426758
477.51968384,1052.12426758
476.26119995,975.71911621
474.91247559,887.84210205
460.54452515,128.61723328
478.12365723,1012.90893555
475.65023804,881.95819092
477.41604614,958.07489014
459.98980713,55.48925018
480.08566284,1062.11633301
487.84252930,1451.59790039
483.45004272,1218.00024414
478.99633789,989.70904541
476.62823486,861.85559082
460.94570923,60.97076416
461.94979858,120.53258514
478.64328003,953.97015381
486.09268188,1303.26269531
477.78051758,879.57189941
477.94036865,888.73028564
477.94036865,888.73028564
481.51724243,1058.52099609
481.06359863,1024.61315918
487.14602661,1309.54455566
462.71908569,70.63834381
462.71908569,70.63834381
482.95690918,1080.56689453
482.01159668,1032.18823242
479.26278687,884.43261719
479.26278687,884.43261719
464.32022095,124.37320709
483.00778198,1054.22973633
483.30047607,1051.54345703
482.71963501,1024.33105469
479.96029663,860.40319824
480.47845459,879.61322021
463.02957153,0.79168874
465.28048706,100.97162628
484.59283447,1058.18933105
484.59283447,1058.18933105
483.88662720,1022.55230713
479.92483521,818.60443115
479.92483521,818.60443115
481.15310669,873.50537109
464.51016235,27.62122536
480.37634277,805.93695068
497.67895508,1745.96948242
467.07852173,102.35569763
492.49710083,1381.80664062
493.00732422,1378.96362305
482.21304321,837.31530762
482.89859009,851.46398926
487.07434082,1054.47729492
482.49124146,824.98486328
466.81356812,21.40196800
466.39849854,0.99254853
486.80920410,1023.58502197
482.47613525,803.55957031
482.47613525,803.55957031
482.87249756,813.59417725
482.87249756,813.59417725
484.82681274,901.46649170
487.69061279,1042.57775879
494.54049683,1376.94128418
494.54049683,1376.94128418
467.89636230,32.72134781
484.10800171,833.80029297
487.25228882,987.21600342
487.25228882,987.21600342
489.03533936,1064.18994141
488.29516602,1007.86236572
484.94943237,823.32373047
489.73556519,1055.84362793
488.23330688,966.31597900
486.92166138,899.12200928
486.92166138,899.12200928
469.11874390,0.90645063
490.06887817,1044.91381836
470.36611938,56.25908279
470.36611938,56.25908279
486.92166138,899.12200928
488.01153564,927.17010498
488.01153564,927.17010498
503.44253540,1670.61035156
489.87753296,1006.31890869
489.87753296,1006.31890869
486.47540283,836.38299561
487.40927124,880.72686768
489.88464355,1001.15509033
491.45947266,1067.63220215
488.46859741,908.11499023
487.63516235,861.12280273
487.98999023,875.16790771
488.21743774,884.68701172
472.18850708,78.24784088
490.65161133,986.95178223
498.83410645,1390.22009277
492.51666260,1075.91455078
473.45080566,114.10236359
489.25216675,891.73211670
492.94219971,1064.57324219
490.02990723,917.26647949
487.19781494,778.83911133
492.52798462,1036.84362793
492.52798462,1036.84362793
473.63552856,72.91936493
495.28005981,1147.70715332
487.33715820,746.47644043
488.91619873,814.18542480
488.91619873,814.18542480
488.05191040,767.98522949
488.05191040,767.98522949
488.07217407,762.15838623
491.14080811,909.31915283
491.14080811,909.31915283
492.92385864,992.29449463
488.43923950,750.72454834
494.63113403,1055.41223145
494.63113403,1055.41223145
490.14059448,833.07360840
488.79635620,758.43426514
475.33395386,90.93764496
488.27856445,730.47778320
488.11590576,719.31365967
493.56655884,987.78381348
493.56655884,987.78381348
487.76620483,694.72546387
487.76620483,694.72546387
473.90057373,2.65616465
487.67462158,685.01409912
491.25067139,863.02246094
491.25067139,863.02246094
488.19161987,699.37011719
495.85690308,1075.43347168
495.85690308,1075.43347168
475.85614014,80.55099487
474.58523560,17.16518402
474.58523560,17.16518402
489.57788086,747.34039307
475.05834961,28.84676170
487.88519287,657.21960449
490.10128784,768.84283447
494.78005981,991.47534180
488.21118164,662.23675537
398.60113525,1388.20886230
492.63571167,875.94384766
488.06744385,641.40942383
493.01434326,882.33197021
476.46713257,46.29728317
477.30694580,91.53668213
477.30694580,91.53668213
475.73995972,12.12278748
496.56106567,1020.32714844
476.26043701,0.77450347
490.64843750,714.09625244
490.64843750,714.09625244
496.05099487,980.39453125
502.28643799,1369.02282715
489.64260864,656.47058105
490.65570068,697.70922852
490.65570068,697.70922852
503.91537476,1388.50012207
503.91537476,1388.50012207
492.57763672,769.83697510
479.06463623,93.86005402
499.68121338,1102.90966797
477.91571045,12.79550171
478.37304688,31.45765495
499.27423096,1058.06994629
497.34594727,960.76397705
495.09982300,848.92608643
497.27542114,946.73492432
491.37261963,650.27508545
494.91418457,818.49639893
501.34429932,1119.78430176
479.06790161,17.94372177
479.06790161,17.94372177
492.45767212,679.64135742
492.45767212,679.64135742
500.93215942,1085.14501953
491.97271729,642.66314697
491.97271729,642.66314697
493.32443237,699.01733398
492.70520020,667.33361816
494.11373901,733.93572998
501.90878296,1102.84448242
500.53897095,1025.41796875
496.05200195,804.14691162
497.78875732,886.40747070
500.53897095,1025.41796875
500.95895386,1041.71655273
497.76095581,876.45031738
496.80905151,825.93225098
494.76440430,721.06585693
500.69046021,1013.79455566
497.51260376,849.28887939
498.60842896,901.13952637
494.06179810,672.36895752
494.06179810,672.36895752
502.52703857,1077.05493164
502.13110352,1057.55627441
498.06777954,842.20385742
502.44259644,1050.45385742
496.92831421,780.19952393
501.19671631,977.10681152
500.54904175,938.90240479
503.25024414,1061.57153320
496.98391724,748.56799316
482.63546753,47.51027679
495.70269775,681.75006104
497.72723389,771.29455566
500.62246704,901.18768311
500.62246704,901.18768311
500.24780273,878.89013672
496.88491821,712.92083740
498.35214233,771.11553955
499.74835205,839.49102783
493.29953003,523.52868652
502.11981201,946.80151367
497.97988892,742.37500000
497.97988892,742.37500000
503.10507202,985.39721680
502.03955078,930.92395020
499.13214111,774.99169922
504.50442505,1040.07495117
503.83142090,997.57696533
503.83142090,997.57696533
504.41769409,1023.93676758
502.28189087,918.05535889
483.67678833,0.93970370
491.05456543,356.21981812
503.65637207,955.46588135
503.79251099,960.02484131
505.00952148,1017.29498291
491.26144409,344.18850708
495.24780273,537.24230957
498.18234253,680.62286377
500.76095581,799.89715576
504.59796143,987.28802490
504.59796143,987.28802490
502.78701782,899.04724121
504.59735107,983.08996582
498.24636841,668.18176270
496.97683716,594.65539551
523.08282471,1886.91052246
495.92184448,541.00451660
495.92184448,541.00451660
496.97683716,594.65539551
492.09301758,355.37100220
499.53091431,715.29132080
502.41082764,858.93225098
498.99627686,685.99133301
495.68322754,523.74468994
503.01992798,878.49005127
486.01364136,47.74347687
504.87081909,967.51452637
506.24606323,1023.97375488
497.71945190,603.59265137
495.28686523,481.50125122
495.84579468,507.07507324
494.02090454,416.87838745
498.12197876,608.69091797
498.12197876,608.69091797
505.25296021,953.24224854
506.69949341,1011.02294922
505.25891113,945.00085449
493.13800049,354.45794678
498.29180908,600.29187012
500.72766113,711.15051270
502.06268311,775.62768555
502.38677979,779.71783447
493.50305176,348.03335571
499.08453369,616.04486084
501.79705811,732.84594727
498.01739502,544.86065674
498.01739502,544.86065674
487.33587646,25.43812561
502.08734131,747.76416016
504.00354004,836.44293213
493.09274292,301.73324585
493.92843628,341.59124756
496.26925659,448.07806396
499.04751587,582.67510986
498.73007202,562.38061523
500.29672241,642.06195068
495.09417725,383.00469971
506.15551758,921.07305908
506.13626099,917.29333496
497.32278442,484.53948975
493.10449219,274.93057251
503.80084229,796.04949951
504.27902222,819.67150879
504.18646240,808.54882812
494.96273804,362.27352905
500.12548828,610.70837402
487.59085083,2.50645089
506.18774414,902.31683350
499.57244873,578.07379150
506.53314209,912.19012451
498.97595215,542.57666016
497.36013794,458.93173218
506.22882080,893.09252930
506.18008423,889.20776367
494.09127808,295.70156860
496.83328247,427.82217407
506.20874023,885.78771973
506.19573975,881.28472900
493.24932861,242.79228210
493.19143677,237.06623840
496.50823975,389.47164917
496.50823975,389.47164917
502.73910522,696.80645752
492.91088867,210.27398682
496.13784790,361.31439209
497.54879761,420.61285400
503.01220703,691.93579102
489.74551392,41.35011292
503.20742798,688.44921875
501.66192627,616.48345947
504.42230225,749.18090820
494.32360840,255.45014954
506.99972534,867.30401611
506.86270142,860.18603516
489.78442383,27.03282356
493.84451294,221.25042725
494.23382568,242.85517883
499.89428711,513.85711670
500.97940063,559.56835938
497.61273193,383.80554199
495.39971924,275.30587769
494.06311035,206.66506958
499.24752808,457.17520142
497.22232056,344.32150269
497.22232056,344.32150269
501.57586670,555.49737549
497.84918213,372.07461548
495.70364380,267.04992676
502.66534424,602.23199463
502.66534424,602.23199463
507.16165161,822.75549316
507.23559570,816.33038330
506.20608521,759.22729492
504.15914917,660.75299072
498.00506592,355.51434326
507.09832764,789.45190430
495.31362915,212.05583191
506.18368530,741.53912354
496.75363159,284.47036743
496.75363159,284.47036743
505.05474854,677.65527344
499.14492798,391.13024902
503.33325195,589.18402100
491.75900269,26.04439735
497.21145630,289.84606934
512.86816406,1048.24926758
503.33325195,589.18402100
497.21145630,289.84606934
499.03784180,371.16903687
512.91766357,1041.29504395
504.16384888,607.43255615
500.16833496,412.25570679
500.16833496,412.25570679
504.56124878,614.63159180
504.56124878,614.63159180
513.23706055,1033.23681641
501.23818970,452.01443481
500.88369751,431.71084595
507.44079590,746.36975098
494.30505371,108.65003204
506.93475342,718.61724854
501.86898804,473.98071289
500.46377563,402.09506226
499.47790527,352.93389893
499.68945312,361.73294067
504.31811523,583.18127441
501.03448486,418.94421387
507.86511230,738.16088867
503.03677368,504.57733154
508.06002808,741.33758545
500.53488159,371.40737915
499.46786499,315.77249146
498.83795166,277.76654053
515.43988037,1080.43542480
498.79608154,270.00646973
505.86520386,612.67218018
506.75885010,648.22894287
509.18252563,760.55511475
499.67758179,299.75781250
509.20101929,754.48327637
509.20101929,754.48327637
509.07815552,748.94378662
513.91961670,983.98004150
499.60067749,290.96179199
513.81231689,972.00488281
507.83123779,679.57586670
507.83123779,679.57586670
509.19381714,742.59179688
509.19381714,742.59179688
513.87548828,966.12377930
509.07528687,734.50732422
495.61654663,81.85842133
506.73104858,616.26391602
508.45428467,698.04968262
508.45428467,698.04968262
501.45532227,359.35110474
508.96166992,718.58709717
508.96166992,718.58709717
516.05871582,1059.20727539
503.07373047,433.70593262
502.65991211,414.11959839
494.11581421,0.63954413
513.99896240,955.14984131
501.15548706,331.67547607
495.02288818,26.04690170
504.03552246,461.10601807
516.28833008,1051.00048828
517.17791748,1091.38452148
499.66174316,245.58882141
509.57180786,722.06176758
507.23358154,603.93353271
508.44030762,667.20452881
517.13256836,1079.85803223
500.12094116,263.30603027
499.50866699,231.65669250
516.33312988,1038.35717773
507.92160034,633.15612793
498.82330322,191.06205750
510.09707642,731.91522217
505.89019775,526.11785889
516.20153809,1016.74499512
506.10055542,521.60040283
509.97634888,704.08215332
503.32135010,380.39950562
499.09408569,176.65184021
506.77929688,535.57415771
501.48443604,279.24407959
501.48443604,279.24407959
503.17285156,359.00323486
505.62429810,478.11953735
504.02432251,398.54037476
509.21954346,648.55438232
506.90911865,538.59515381
517.81347656,1058.74499512
517.16650391,1026.25549316
516.80639648,1008.88299561
504.91390991,434.42446899
510.06564331,679.22943115
503.96636963,385.61499023
503.38134766,353.87905884
501.24221802,252.19532776
518.77868652,1087.90332031
518.77868652,1087.90332031
502.37313843,301.31283569
502.95803833,322.11267090
507.01718140,511.51037598
504.01309204,368.04409790
502.92047119,312.72286987
509.16506958,611.87951660
510.78430176,685.36932373
506.30398560,471.88259888
518.41253662,1048.85180664
518.41253662,1048.85180664
517.35589600,999.55230713
509.15359497,606.17669678
509.07101440,601.86187744
518.09185791,1028.52709961
519.26348877,1084.14294434
517.28576660,988.06134033
519.20245361,1079.96191406
514.95336914,873.77618408
499.92706299,148.84120178
517.84356689,1005.94128418
510.65487671,658.41955566
502.26278687,248.80284119
503.09414673,287.27066040
503.09414673,287.27066040
517.49841309,978.49810791
498.83773804,77.00167847
506.04464722,422.94656372
506.69543457,453.13421631
506.69543457,453.13421631
510.11791992,614.25836182
510.11791992,614.25836182
505.23583984,382.87716675
505.23583984,382.87716675
500.70394897,158.99017334
512.49267578,721.44525146
510.53311157,634.23345947
505.33288574,366.69409180
517.66754150,955.89916992
509.14773560,538.41735840
509.14773560,538.41735840
512.04888916,677.84008789
509.74578857,568.82775879
507.90844727,477.76751709
517.78192139,946.36541748
519.81005859,1045.96972656
519.81005859,1045.96972656
519.81005859,1045.96972656
519.81005859,1045.96972656
518.61828613,984.77069092
510.97265625,617.89501953
507.25292969,438.12298584
510.41284180,589.87652588
515.53192139,832.54809570
503.51049805,253.83883667
517.86297607,934.95660400
509.54031372,534.23535156
498.43872070,1.16462815
504.79296875,302.65249634
511.26593018,606.70404053
504.25155640,268.40090942
520.20300293,1032.25415039
500.74948120,95.89724731
519.77130127,1000.07702637
512.46105957,645.01812744
504.20303345,236.96096802
512.77423096,657.62109375
520.07586670,1010.98358154
502.65414429,168.07524109
502.30441284,149.95736694
514.08325195,714.44171143
499.12866211,-2.68382645
521.02099609,1048.11303711
521.89050293,1089.38024902
522.13171387,1092.97949219
506.58248901,342.52627563
520.08856201,989.21557617
520.08856201,989.21557617
502.79354858,160.48252869
502.79354858,160.48252869
509.37408447,471.06512451
511.14538574,553.56524658
503.76715088,197.94778442
506.98065186,352.78900146
520.10577393,978.90582275
504.95932007,250.17314148
504.95932007,250.17314148
520.33782959,984.15417480
520.33782959,984.15417480
501.74786377,89.70163727
501.74786377,89.70163727
506.28787231,302.85043335
512.28613281,591.85046387
509.10229492,439.08059692
506.21643066,299.50280762
511.10140991,532.56842041
512.97381592,623.99108887
509.41690063,451.90130615
523.21069336,1108.50744629
508.17993164,386.96438599
521.23333740,1014.07183838
511.14236450,520.57824707
518.55377197,873.35400391
514.50463867,679.97454834
511.12741089,512.06591797
511.12741089,512.06591797
520.65637207,968.26348877
512.58416748,577.96972656
505.64453125,241.52702332
505.99685669,256.74447632
505.99685669,256.74447632
512.46649170,568.72375488
507.88943481,347.08657837
504.87506104,192.74722290
513.52911377,600.91314697
509.98992920,436.17687988
510.92910767,476.82992554
507.06805420,290.19122314
508.13586426,340.73941040
516.82946777,749.75524902
502.06262207,44.54425049
512.73114014,550.78912354
504.81115723,168.87825012
520.85632324,936.25372314
520.85632324,936.25372314
506.15573120,237.80390930
520.49658203,915.20220947
514.23236084,616.79339600
508.16836548,323.90887451
508.16836548,323.90887451
516.99700928,744.83477783
504.09902954,124.81044006
524.52709961,1100.63806152
522.52197266,1000.53527832
522.52197266,1000.53527832
515.15551758,645.23706055
515.50378418,663.25842285
510.86968994,439.86157227
510.94265747,446.32122803
510.15444946,403.49328613
510.15444946,403.49328613
507.30355835,266.35156250
522.32238770,979.57733154
506.18069458,207.73365784
522.16906738,971.70111084
517.15985107,732.02166748
515.00268555,624.92181396
510.74136353,419.92205811
523.09240723,1012.48364258
525.04364014,1096.46069336
522.94812012,985.33056641
524.11572266,1052.51452637
524.11572266,1052.51452637
504.15863037,106.35302734
509.50839233,345.01809692
502.18267822,1.32943642
523.08563232,996.78930664
520.50549316,872.84448242
509.16809082,328.87850952
513.02673340,511.79748535
506.81271362,213.65412903
513.39025879,521.08520508
505.71868896,146.23394775
508.25701904,262.93597412
508.25701904,262.93597412
524.11016846,1020.16058350
512.12658691,445.54281616
509.01919556,296.77914429
517.85247803,717.14575195
514.81616211,565.12133789
514.03082275,526.05535889
524.59661865,1032.00012207
518.54235840,744.91986084
512.19158936,439.14770508
525.12890625,1054.50634766
510.81762695,368.65829468
523.91882324,991.74053955
523.91882324,991.74053955
513.18194580,477.36090088
524.22637939,999.22656250
503.90213013,24.34359932
525.31323242,1050.19042969
512.90332031,456.20205688
523.63482666,958.81561279
512.70989990,434.81042480
507.31433105,172.91255188
518.93035889,722.98919678
519.61706543,758.81298828
512.40026855,413.75277710
518.93035889,722.98919678
519.17633057,734.02911377
522.11334229,871.20953369
523.45684814,931.46496582
507.24291992,162.29306030
524.52124023,978.18963623
517.74407959,652.16760254
525.32391357,1012.51947021
508.12606812,195.07188416
511.13571167,334.53549194
518.45971680,683.76000977
512.71832275,404.06228638
527.39410400,1106.67858887
513.92468262,462.53509521
510.04739380,279.18966675
512.53717041,394.15948486
508.69683838,210.44178772
518.45867920,666.28948975
520.31787109,752.54754639
513.97491455,446.45333862
527.77484131,1097.82714844
517.99719238,625.13134766
520.42297363,743.48474121
512.08264160,339.60354614
510.72460938,274.67028809
514.02441406,430.66299438
505.99667358,49.69578171
520.18548584,721.52862549
511.80303955,321.05181885
515.40173340,488.57138062
515.82366943,512.29748535
514.04412842,420.36425781
509.94561768,222.36738586
508.38360596,145.65065002
510.32864380,238.30754089
523.70690918,869.39654541
514.14544678,414.82266235
510.65423584,247.59312439
529.06176758,1119.43359375
511.36572266,278.21121216
529.04797363,1114.08666992
529.05194092,1109.11840820
528.96942139,1102.34191895
528.96942139,1102.34191895
528.02880859,1055.32836914
527.35699463,1021.39483643
518.01867676,576.75677490
518.81072998,614.07250977
510.94348145,235.97976685
529.07617188,1098.31713867
529.07617188,1098.31713867
520.70611572,691.83624268
520.14105225,665.67956543
529.12188721,1092.79663086
518.94140625,601.97607422
515.17456055,422.05563354
509.91647339,174.40162659
529.04907227,1081.97387695
514.51556396,391.57461548
514.51556396,391.57461548
528.14672852,1039.30346680
521.23864746,725.48248291
514.99572754,403.72048950
527.91503906,1014.33032227
527.69055176,1000.90362549
514.72552490,384.40368652
527.92687988,1010.27062988
514.05377197,348.23498535
522.34197998,742.13262939
512.03240967,244.92417908
530.11065674,1103.88415527
510.45501709,169.62857056
513.12811279,293.48492432
513.12811279,293.48492432
530.11071777,1101.35083008
520.03259277,622.11871338
522.10333252,712.90698242
508.75003052,65.77472687
514.62628174,340.85360718
514.39251709,332.20175171
529.08502197,1030.23413086
513.95550537,304.59405518
527.66961670,955.30767822
523.05065918,734.40063477
529.06811523,1013.48101807
520.16351318,582.95861816
530.09942627,1053.86999512
530.09832764,1050.24719238
522.18988037,674.36956787
514.86102295,323.98193359
514.86102295,323.98193359
517.01971436,415.51940918
521.34368896,620.22222900
529.13934326,986.99871826
528.78533936,969.13049316
512.19934082,168.35755920
510.03869629,77.21826172
515.83264160,349.18753052
529.59991455,999.06597900
523.16210938,689.92608643
523.16210938,689.92608643
512.29272461,175.98629761
528.89562988,959.55432129
524.64215088,749.03118896
528.74255371,947.21191406
516.33874512,354.97122192
519.66339111,520.17883301
519.67541504,536.52484131
515.97393799,330.89138794
531.92419434,1081.34753418
515.25836182,299.35183716
530.02929688,991.59136963
512.31335449,147.45370483
512.31335449,147.45370483
515.35009766,292.44458008
517.02972412,365.92337036
524.99920654,744.21600342
524.28918457,711.73419189
529.98309326,981.69445801
517.66217041,392.19631958
516.12054443,315.07888794
515.31555176,276.01528931
515.31555176,276.01528931
525.06787109,736.49310303
530.14733887,976.23468018
530.14733887,976.23468018
513.09710693,164.13983154
513.09710693,164.13983154
517.60858154,373.62619019
528.90472412,899.66265869
522.35510254,589.97589111
517.24993896,348.22695923
515.78686523,270.07476807
522.59442139,584.78704834
531.14514160,992.80242920
531.14514160,992.80242920
530.15740967,941.82397461
517.26788330,324.26351929
517.49267578,332.24346924
517.22003174,309.39416504
522.98907471,573.08099365
530.07202148,903.38183594
521.93072510,515.58660889
526.97589111,750.14074707
526.91351318,744.26458740
523.83239746,596.01782227
517.88757324,316.65466309
525.50433350,672.93603516
531.50793457,955.51641846
530.09661865,878.99731445
524.98620605,631.17474365
514.07800293,117.71063995
531.78393555,944.15429688
522.83813477,525.93334961
518.03570557,289.31588745
518.03570557,289.31588745
527.96343994,752.85864258
515.63940430,163.96919250
518.11645508,279.09204102
531.16876221,894.05664062
528.14245605,749.00469971
525.15258789,606.37396240
522.60247803,471.36795044
531.19165039,878.02038574
531.22161865,873.34606934
525.46923828,597.58337402
528.83996582,746.29656982
526.00042725,612.79241943
515.87866211,126.73632050
516.77844238,169.93107605
519.56567383,288.94223022
519.56567383,288.94223022
528.07690430,680.09747314
529.98291016,770.04901123
526.86169434,605.81799316
516.54028320,115.82893372
530.88049316,778.42449951
525.19409180,486.89813232
519.00451660,188.56225586
528.17889404,619.64825439
531.75610352,785.57788086
516.64746094,65.95490265
518.73779297,163.83782959
524.01123047,398.90039062
528.77355957,616.58636475
528.77355957,616.58636475
518.33984375,129.77368164
528.47613525,602.31793213
519.39068604,172.00140381
532.39953613,782.77832031
516.01483154,0.74242359
526.14929199,474.58029175
532.53387451,771.66790771
532.53387451,771.66790771
532.25152588,758.04003906
520.36322021,202.39392090
518.23937988,88.81155396
519.25939941,141.81074524
527.47015381,520.18725586
521.47351074,214.45458984
526.52319336,465.14489746
517.44427490,30.13516426
530.06469727,620.69183350
520.18994141,150.40599060
520.18994141,150.40599060
530.19689941,617.25653076
519.74975586,118.34186554
532.76916504,728.15734863
532.94702148,733.45239258
532.94702148,733.45239258
520.25012207,136.83894348
533.85327148,770.19696045
534.29046631,788.35571289
517.97131348,19.55194092
521.50701904,180.87132263
534.40289307,782.82806396
534.09063721,767.46246338
531.08166504,615.87170410
531.11431885,611.41577148
522.66247559,214.34863281
521.67779541,157.05274963
527.94873047,444.70947266
535.33215332,790.77325439
535.14837646,765.89508057
524.27874756,253.73088074
536.16009521,573.33679199
535.71362305,786.79162598
529.23541260,477.37432861
532.14434814,615.14312744
521.97222900,123.65072632
529.99023438,499.05673218
529.99023438,499.05673218
519.39385986,0.95115584
534.49438477,703.86035156
536.17242432,777.50482178
521.03155518,49.73625183
531.42932129,532.26208496
530.86633301,506.72866821
526.34320068,293.51776123
520.86401367,32.24788284
526.78466797,304.17013550
526.78466797,304.17013550
524.18798828,182.54417419
536.97399902,775.55108643
522.41326904,94.47436523
525.03106689,210.40280151
537.60101318,791.52569580
530.40167236,452.81616211
531.30529785,485.54934692
534.46044922,626.46441650
536.16009521,573.33679199
521.17480469,2.74999595
538.00512695,787.38018799
528.20678711,327.17239380
537.96148682,773.70794678
538.15057373,778.45251465
528.21179199,303.28686523
528.00354004,293.34469604
532.96710205,522.00079346
532.50024414,493.01065063
522.76666260,37.83034515
528.52203369,299.09149170
535.93652344,640.82366943
522.74237061,21.96078873
527.96630859,257.66720581
536.02978516,635.61132812
532.67468262,466.97271729
534.22314453,534.63061523
539.70812988,791.99981689
534.69769287,546.93750000
538.65570068,718.34692383
526.88153076,175.27050781
534.60284424,527.66265869
533.30316162,454.76000977
540.33599854,781.12603760
536.16009521,573.33679199
540.93768311,795.67675781
535.31640625,521.76287842
541.05798340,787.28002930
560.01855469,1665.04736328
524.03662109,6.20892000
540.22241211,732.66986084
532.48260498,362.64685059
535.56365967,492.97769165
531.35192871,293.07577515
542.18817139,799.38067627
530.33422852,241.58854675
539.78845215,681.37164307
539.07836914,646.68695068
535.01361084,558.02239990
539.48449707,663.18945312
539.48449707,663.18945312
542.13836670,785.76116943
532.20355225,320.50607300
537.23944092,555.15795898
542.45153809,795.21496582
535.50628662,457.26547241
565.04046631,1796.27758789
540.02178955,652.96734619
548.92047119,1067.85363770
543.56311035,809.18707275
527.69805908,65.65173340
531.42724609,235.76637268
542.65374756,748.07226562
544.20410156,805.13214111
527.78735352,41.69250870
527.82330322,34.03814316
544.31323242,795.92523193
542.29077148,692.29742432
531.16552734,169.09297180
544.94262695,802.09625244
536.89562988,426.79129028
533.64739990,269.62969971
535.17773438,338.29995728
529.53051758,54.13354111
528.95715332,25.64266014
530.14880371,67.34761810
544.92523193,748.56951904
559.95306396,1429.15002441
543.80242920,671.67150879
543.80242920,671.67150879
536.80505371,343.23989868
546.19323730,779.36566162
546.19323730,779.36566162
546.86602783,807.83789062
544.09027100,675.87695312
548.18554688,849.06256104
552.68536377,1051.58227539
542.97186279,587.46771240
538.37969971,370.14614868
545.26049805,681.24285889
531.06829834,24.54155350
536.17626953,256.91210938
537.55017090,319.13760376
548.46435547,807.57635498
546.86004639,724.12554932
531.10699463,0.48323360
546.70886230,716.40051270
546.03796387,677.90917969
545.73950195,661.14453125
549.10693359,814.58508301
547.62731934,737.45886230
549.20629883,796.73846436
539.06127930,329.32846069
539.87701416,355.76782227
548.51525879,750.46490479
545.22723389,595.82940674
550.13171387,817.74005127
548.18444824,721.71490479
548.35589600,726.71325684
548.08062744,692.41412354
548.08062744,692.41412354
551.19281006,820.96655273
533.33868408,3.17987132
541.12243652,352.47766113
551.19281006,820.96655273
540.92749023,317.52908325
549.10821533,688.94329834
549.81243896,709.49963379
551.02374268,762.41748047
542.49670410,366.89443970
552.98950195,841.70629883
541.98992920,326.64523315
541.98992920,326.64523315
550.10711670,687.30401611
550.10711670,687.30401611
538.83709717,160.64379883
553.43365479,832.44030762
550.04791260,673.11694336
550.12866211,676.11706543
535.61657715,-4.29848194
554.08026123,845.81933594
551.24768066,714.80334473
549.09045410,606.45159912
552.61102295,753.16217041
554.08892822,821.18994141
554.08892822,821.18994141
543.48754883,334.34057617
543.14245605,302.86770630
554.80780029,836.64282227
554.71020508,831.02685547
551.49127197,670.97241211
555.27362061,842.39843750
561.42999268,1116.00878906
553.26483154,735.89733887
553.26483154,735.89733887
556.03436279,839.87084961
553.41656494,713.46429443
561.43029785,1062.78466797
545.71582031,335.27835083
555.17272949,766.94409180
555.17272949,766.94409180
563.26483154,1133.35095215
561.74816895,1047.83544922
540.29602051,70.12834930
555.02209473,734.23101807
554.87670898,720.64154053
553.92602539,672.06597900
547.31030273,366.97174072
541.39440918,94.63011932
552.13073730,583.07946777
560.88714600,983.66070557
552.76043701,604.73211670
560.56585693,952.63873291
556.20629883,747.62182617
556.20629883,747.62182617
556.92022705,780.76129150
539.95489502,1.48798454
560.35369873,932.00939941
552.32397461,557.71374512
556.04199219,729.61663818
564.67224121,1119.00939941
560.94964600,943.45166016
554.84490967,662.34521484
554.84490967,662.34521484
556.02667236,714.72113037
564.15258789,1083.42639160
548.34326172,349.74514771
549.21160889,379.59844971
558.09515381,775.33148193
558.09515381,775.33148193
563.89617920,1029.54467773
564.17626953,1043.72363281
558.66552734,793.10504150
550.09570312,395.05337524
550.24963379,401.63433838
557.47528076,726.85760498
557.47528076,726.85760498
560.37438965,855.88952637
566.11431885,1116.25341797
562.64617920,953.64831543
562.23663330,936.38647461
560.54852295,848.85211182
572.90283203,1387.12927246
562.18231201,917.09173584
562.18231201,917.09173584
549.35461426,332.20037842
550.67443848,390.29940796
564.52252197,1015.99511719
558.59918213,743.70410156
557.52111816,676.43115234
557.52111816,676.43115234
558.79504395,734.39331055
560.18591309,791.89727783
566.76763916,1084.38549805
562.81188965,899.68310547
558.94140625,722.64556885
559.76544189,756.86987305
564.11724854,948.90533447
552.85955811,430.19854736
548.45288086,220.98098755
548.45288086,220.98098755
562.10583496,839.01019287
561.92437744,824.74560547
565.23693848,983.28863525
553.44256592,428.26171875
553.44256592,428.26171875
560.00463867,730.11138916
561.85620117,815.49511719
561.85620117,815.49511719
543.97009277,1.81031561
568.14636230,1099.46838379
562.33978271,828.67266846
568.18920898,1094.47265625
566.61041260,1018.92303467
565.94488525,986.65570068
560.06060791,714.97839355
551.66851807,334.24514771
550.43499756,271.63391113
552.39019775,318.31167603
566.98455811,1026.02490234
548.13854980,165.58688354
568.28692627,1081.72167969
560.15881348,705.52874756
554.18267822,432.31378174
554.54614258,443.42813110
547.99530029,125.81974792
569.04241943,1084.45910645
564.11877441,859.60235596
559.70703125,659.17797852
566.13360596,936.34216309
568.08270264,1024.37670898
559.36444092,631.11401367
560.88793945,688.76409912
554.06787109,374.34335327
555.32006836,422.08166504
559.78845215,625.36492920
564.95672607,857.35955811
565.39318848,868.85363770
561.75164795,700.02105713
569.12860107,1028.15063477
569.12860107,1028.15063477
570.84881592,1107.32519531
560.68109131,638.90313721
554.66619873,366.02160645
560.58062744,629.27490234
566.27044678,888.50274658
564.67462158,812.97570801
564.67462158,812.97570801
565.57220459,849.05108643
563.50067139,755.22686768
570.90728760,1087.00024414
570.24688721,1048.48217773
568.01098633,946.86914062
548.23468018,44.55110550
570.34381104,1043.48010254
571.12957764,1079.82067871
567.59808350,914.00378418
564.07623291,751.76953125
572.33074951,1119.67907715
571.91778564,1099.96875000
566.96929932,874.65350342
560.96765137,596.67480469
560.33654785,571.80883789
560.17901611,561.68969727
572.23229980,1104.45141602
565.40612793,795.93542480
563.05181885,682.17633057
563.05181885,682.17633057
557.68481445,434.08172607
570.80285645,1026.91259766
570.80285645,1026.91259766
570.99774170,1034.61767578
569.76080322,973.42974854
569.09429932,945.60437012
569.47705078,961.26080322
569.47705078,961.26080322
569.72259521,976.64746094
569.72259521,976.64746094
572.08697510,1078.45202637
562.09576416,623.65710449
568.26684570,903.81054688
570.09124756,983.33557129
566.47509766,817.77386475
566.47509766,817.77386475
566.47509766,817.77386475
567.63562012,868.74121094
556.63708496,369.57412720
566.60931396,813.37426758
560.31298828,524.84912109
570.22753906,966.03363037
568.21661377,874.38958740
560.18774414,510.30538940
571.56573486,1023.39001465
558.39703369,426.38766479
560.44006348,517.87359619
565.82922363,756.60571289
565.82922363,756.60571289
564.86242676,709.39599609
556.94079590,351.44128418
570.32977295,952.62677002
570.02178955,936.24456787
570.02178955,936.24456787
553.06030273,165.47776794
572.45739746,1043.21569824
566.97058105,794.38464355
569.62432861,918.10571289
570.01519775,932.83758545
569.93066406,926.48034668
572.34338379,1034.54321289
570.15740967,929.65979004
560.48852539,491.41113281
570.69561768,948.95794678
571.01776123,963.58026123
571.01776123,963.58026123
557.72906494,361.56234741
567.22497559,782.12335205
570.76885986,941.83184814
554.02935791,179.92860413
566.10937500,720.46221924
572.01104736,983.78729248
574.67395020,1104.39160156
565.25738525,669.00689697
553.09753418,125.85157776
563.85223389,604.95983887
563.85223389,604.95983887
571.13909912,932.13763428
568.11157227,795.21118164
568.28594971,798.23596191
568.28594971,798.23596191
568.28594971,798.23596191
569.12377930,840.83410645
564.23590088,614.40667725
564.64941406,630.47479248
572.23413086,969.30407715
572.03039551,957.10156250
559.75372314,400.89352417
576.00457764,1131.36962891
571.21380615,914.43652344
572.12207031,953.67297363
571.50183105,924.11883545
573.97198486,1033.32507324
563.77648926,573.49200439
575.01055908,1079.56982422
575.01055908,1079.56982422
573.88281250,1028.51708984
573.30059814,998.86895752
560.88531494,436.45675659
572.94952393,975.42687988
558.67596436,332.78302002
575.74914551,1101.15002441
575.74914551,1101.15002441
555.03210449,158.50395203
559.26159668,352.98895264
572.04351807,929.62213135
568.76678467,780.80792236
573.19885254,981.86560059
571.01324463,882.16522217
566.78564453,692.65466309
563.05316162,519.22851562
570.04309082,829.48358154
562.87213135,506.42669678
558.96429443,327.01864624
560.96661377,414.24530029
560.96392822,408.27377319
571.93164062,903.20349121
571.93164062,903.20349121
572.83013916,943.39398193
571.02917480,862.37554932
576.09411621,1090.25683594
571.24377441,867.16772461
562.87048340,490.21951294
562.82940674,474.66427612
562.82940674,474.66427612
566.71618652,647.04687500
570.13482666,800.64465332
566.07684326,615.85388184
573.82110596,961.29016113
573.67962646,952.81945801
575.46099854,1027.37780762
576.90338135,1092.24450684
570.75451660,811.93267822
570.75451660,811.93267822
560.97229004,373.89352417
576.87091064,1085.69238281
560.62536621,349.90249634
566.84838867,631.07128906
566.84838867,631.07128906
571.23956299,828.46710205
571.62738037,839.27441406
571.62738037,839.27441406
556.85668945,171.74450684
564.63122559,519.23724365
575.01373291,986.02960205
571.08251953,809.64990234
574.52441406,965.49603271
562.18841553,408.66726685
575.00408936,979.62652588
574.01263428,934.30718994
564.54992676,499.69647217
576.03839111,1019.24645996
576.17437744,1024.60668945
559.72015381,277.71582031
561.54858398,361.39373779
572.18688965,835.14617920
571.36151123,799.14233398
567.94171143,641.63079834
562.44171143,398.92407227
575.81170654,993.11267090
578.34234619,1102.81994629
560.30700684,294.41461182
562.15222168,371.46243286
559.77606201,265.24426270
564.74121094,488.89013672
575.28210449,961.15753174
562.41552734,379.92211914
570.25585938,730.34674072
572.10223389,812.39947510
572.10223389,812.39947510
575.08618164,943.19610596
576.61163330,1008.84716797
571.84295654,798.52648926
568.37799072,637.51281738
572.13116455,803.58514404
577.06097412,1021.61260986
577.06097412,1021.61260986
560.64532471,283.53451538
571.13763428,754.87463379
561.24822998,310.73883057
575.65789795,948.31994629
576.19427490,979.28021240
558.19525146,166.73884583
572.05230713,786.21051025
572.05230713,786.21051025
577.03442383,1012.46228027
571.81274414,774.67706299
572.05230713,786.21051025
572.05230713,786.21051025
560.27783203,258.32000732
574.69311523,901.81481934
569.05950928,647.42449951
573.13751221,830.89385986
576.02374268,957.98999023
576.02374268,957.98999023
559.57061768,219.33415222
579.06134033,1088.46875000
573.08929443,815.36187744
579.06439209,1081.24560547
578.20666504,1039.59118652
578.02307129,1031.91259766
570.13897705,674.22851562
575.03002930,889.34893799
575.03002930,889.34893799
568.89886475,612.74993896
574.08923340,845.53613281
571.10601807,710.14080811
569.64874268,642.30187988
563.22283936,349.34451294
577.56622314,992.57006836
578.23980713,1020.25970459
573.04101562,780.30639648
573.04101562,780.30639648
574.15966797,829.38739014
580.00286865,1089.97863770
573.91613770,813.35394287
564.85919189,397.97631836
576.09619141,902.85253906
562.27172852,281.00030518
562.61145020,295.18862915
576.08312988,892.88775635
572.95654297,754.06915283
577.04919434,936.41949463
560.25030518,184.05986023
575.12176514,848.31079102
565.87255859,429.61126709
565.87255859,429.61126709
559.95623779,165.75518799
559.95623779,165.75518799
577.52343750,948.46368408
567.52691650,494.04187012
579.00433350,1008.32440186
576.46917725,889.72344971
578.17004395,967.53021240
578.95587158,995.58697510
566.08599854,419.68588257
573.23583984,739.97039795
579.39721680,1012.98803711
579.97033691,1036.18115234
579.89813232,1031.27734375
579.89813232,1031.27734375
571.50787354,650.61096191
559.10321045,91.20133972
572.44122314,683.35504150
568.35192871,481.84960938
568.35192871,481.84960938
575.10046387,781.99481201
573.94812012,728.83801270
576.98388672,865.86407471
566.35485840,375.44470215
574.11120605,719.18182373
564.35516357,280.91006470
569.46020508,508.43423462
576.00054932,799.48138428
560.40930176,98.71636200
567.68896484,417.86505127
579.38513184,938.77471924
578.52777100,900.80584717
577.84948730,868.90869141
577.84948730,868.90869141
577.31384277,840.21813965
581.08111572,1011.08300781
576.69348145,812.53723145
566.38928223,349.58474731
567.20678711,384.81408691
562.75384521,182.80874634
570.10046387,504.34185791
570.10046387,504.34185791
576.88659668,806.29809570
578.04107666,854.04418945
561.23577881,92.54264069
568.10980225,399.74310303
583.62176514,1085.28222656
569.08636475,436.60317993
569.01837158,432.06634521
574.97912598,690.72320557
574.97912598,690.72320557
574.90472412,683.62585449
579.83306885,897.11138916
568.36053467,382.74792480
580.20733643,907.96740723
567.83569336,354.21066284
576.04199219,718.83221436
570.34362793,462.40982056
579.12591553,852.42553711
582.20489502,987.50585938
576.10546875,713.03314209
564.51959229,190.67837524
583.70507812,1045.81115723
571.54852295,502.93041992
582.42132568,982.95080566
576.14428711,699.78875732
582.34857178,976.66143799
579.85278320,864.82855225
579.85278320,864.82855225
579.06213379,812.50854492
569.40203857,379.52410889
569.40203857,379.52410889
563.04681396,91.23841095
584.46862793,1035.20166016
584.46862793,1035.20166016
576.21929932,662.18640137
570.34204102,401.31201172
578.21405029,746.06811523
567.82800293,278.80160522
570.09045410,374.75891113
577.24615479,691.72357178
573.20196533,509.55023193
578.03051758,718.29193115
578.03051758,718.29193115
580.10833740,809.32989502
581.12139893,854.26110840
576.43530273,643.32971191
584.25164795,987.80718994
584.00134277,974.96911621
582.19317627,895.25115967
578.19329834,712.64062500
572.63507080,463.34197998
574.07800293,523.33642578
577.41125488,657.75708008
571.85363770,416.03213501
577.51654053,665.92462158
581.37164307,831.00616455
581.88256836,848.13879395
572.94091797,448.44085693
579.21948242,720.85852051
574.64947510,505.65921021
574.64947510,505.65921021
577.66510010,636.04278564
583.11810303,877.38031006
579.28198242,697.33843994
572.12133789,373.64456177
574.11071777,459.92712402
574.11071777,459.92712402
579.39630127,693.55639648
569.32568359,242.46678162
569.32568359,242.46678162
582.94647217,848.04833984
583.40911865,858.68719482
574.17034912,446.24584961
570.65606689,289.78030396
569.73571777,251.92930603
573.77697754,431.21102905
568.99884033,213.13114929
578.87359619,642.01843262
569.43829346,220.12429810
575.03985596,466.48538208
583.58508301,844.74554443
587.95422363,1042.69445801
572.66107178,349.66278076
585.21575928,905.86676025
582.36425781,777.80169678
587.06842041,983.39111328
581.42089844,730.06622314
575.13690186,451.82974243
575.72613525,458.67889404
584.43292236,849.72186279
584.43292236,849.72186279
572.40551758,309.85919189
579.92773438,637.75360107
585.33868408,875.50036621
583.40606689,789.12091064
582.52154541,742.63024902
580.91284180,668.52862549
586.91595459,932.91644287
581.88769531,710.71166992
581.88769531,710.71166992
572.13970947,268.73657227
589.00122070,1011.28643799
588.69055176,994.34307861
574.81066895,376.17767334
581.22265625,658.90734863
578.01220703,514.01928711
572.86737061,284.56137085
577.72344971,499.50549316
574.47998047,347.96740723
591.05493164,1083.41918945
591.05493164,1083.41918945
578.04119873,503.95434570
585.80279541,847.67388916
571.85595703,227.95126343
589.01971436,977.62164307
591.83331299,1102.28796387
591.83331299,1102.28796387
586.05456543,841.08453369
587.20648193,892.12835693
579.18341064,534.33697510
579.18341064,534.33697510
586.05181885,836.31451416
591.10412598,1050.91394043
591.10412598,1050.91394043
580.15551758,560.81481934
590.63256836,1025.10754395
581.69836426,613.77185059
578.12689209,450.33889771
584.78649902,742.67639160
581.18347168,578.08520508
576.26477051,362.14422607
586.29333496,803.55200195
586.29333496,803.55200195
586.29333496,803.55200195
590.44378662,983.11822510
587.49774170,847.28674316
591.43438721,1021.06072998
577.72460938,414.74261475
575.15155029,299.18353271
593.03308105,1083.78161621
589.66094971,933.81176758
590.22467041,954.44030762
580.31890869,514.69274902
583.45886230,650.32519531
584.97564697,714.35388184
585.85864258,753.28131104
585.85864258,753.28131104
581.20434570,549.45214844
587.19207764,808.99157715
587.97070312,840.66882324
583.96704102,654.60076904
583.96704102,654.60076904
574.97332764,259.96942139
591.68292236,993.89819336
583.23663330,618.81634521
583.23663330,618.81634521
590.76629639,950.49475098
589.14465332,879.63586426
592.08215332,1007.95330811
583.95147705,646.01245117
587.16156006,780.85681152
585.40191650,703.85925293
585.40191650,703.85925293
580.33697510,474.59869385
579.06573486,414.88323975
594.72729492,1103.12268066
581.22021484,504.37149048
588.45751953,819.07983398
577.20379639,320.23626709
578.25610352,361.92102051
590.76513672,913.66430664
585.89709473,696.49084473
591.01788330,919.83294678
583.98986816,604.74206543
590.21386719,878.04016113
590.21386719,878.04016113
578.02087402,337.69949341
595.05102539,1085.73181152
579.90240479,418.76434326
573.99713135,157.41622925
586.55682373,711.94262695
592.26757812,965.40820312
583.60375977,580.14532471
581.82330322,499.86285400
581.82330322,499.86285400
590.19573975,865.22076416
588.96520996,808.04559326
586.03808594,673.49273682
593.59222412,1005.99163818
585.82519531,660.58453369
585.82519531,660.58453369
586.05908203,671.08898926
592.10034180,936.46954346
593.34448242,990.36694336
594.58270264,1046.27111816
585.62707520,645.47283936
585.17956543,626.32415771
583.95166016,570.36010742
587.06976318,707.18621826
591.33435059,889.48052979
592.46533203,940.46343994
580.11376953,393.21508789
580.11376953,393.21508789
591.03454590,872.17266846
591.15802002,875.70233154
585.64941406,634.71697998
592.97167969,950.70654297
596.05944824,1075.05480957
589.85809326,797.01470947
592.81994629,924.93469238
595.40283203,1036.96728516
596.34704590,1080.10375977
585.61920166,601.47045898
595.98217773,1058.74548340
576.01141357,177.76931763
597.20257568,1106.95495605
597.20257568,1106.95495605
590.34808350,806.41906738
587.96051025,697.40258789
595.91888428,1042.70068359
581.79974365,421.52709961
590.94659424,821.81091309
592.95843506,912.51934814
592.39953613,887.09136963
592.39953613,887.09136963
591.02819824,825.51269531
587.60974121,674.97796631
587.60974121,674.97796631
587.60974121,674.97796631
585.77148438,591.11315918
593.11901855,909.42120361
585.39086914,570.38574219
587.96313477,680.70196533
593.02270508,894.10858154
588.55157471,692.77294922
585.96954346,578.82537842
592.47253418,866.36773682
588.89129639,707.82330322
588.00549316,662.12976074
588.00549316,662.12976074
580.40179443,324.98080444
591.04589844,793.44097900
598.02178955,1094.97045898
577.42199707,185.76231384
598.04895020,1086.46569824
581.35156250,348.51312256
585.28552246,519.01544189
580.17773438,291.52587891
597.60729980,1057.06201172
597.51934814,1050.56054688
589.46722412,696.83825684
593.61907959,876.13452148
598.26495361,1077.90234375
597.18310547,1025.60009766
598.04272461,1054.06262207
587.17401123,570.88421631
584.24340820,440.22653198
583.93969727,423.78695679
583.93969727,423.78695679
590.41497803,706.39898682
578.82843018,193.01087952
590.09863281,685.14929199
589.34332275,641.32299805
589.89074707,668.80981445
580.98297119,277.83895874
586.30676270,505.52413940
590.26812744,679.45941162
598.57489014,1040.05187988
588.60705566,603.51336670
588.60705566,603.51336670
590.76843262,694.65930176
590.76843262,694.65930176
591.35443115,717.76422119
589.16455078,614.81610107
587.69677734,545.74310303
587.69677734,545.74310303
588.61126709,585.25128174
580.05010986,209.04560852
592.03875732,732.93096924
592.03875732,732.93096924
585.71539307,455.20208740
588.77142334,590.82525635
585.27447510,432.58374023
590.33557129,656.56903076
592.20050049,728.22735596
594.02868652,805.82781982
594.39678955,816.78961182
594.96771240,841.69250488
595.06854248,844.23712158
588.38366699,537.10485840
591.87658691,685.87579346
591.81640625,677.28308105
587.95324707,503.98468018
590.99859619,633.97888184
589.12915039,552.72393799
594.66882324,792.96447754
591.30804443,642.40704346
590.72406006,614.26928711
588.59429932,519.89337158
588.65307617,519.63018799
589.08862305,533.78308105
591.14544678,623.78790283
591.78973389,649.96533203
594.79870605,771.81573486
588.97778320,513.94421387
594.73248291,762.58532715
589.74993896,544.03784180
593.04473877,682.70849609
586.83728027,407.86822510
592.80914307,668.11016846
594.15393066,721.92816162
589.02465820,492.08554077
588.22766113,457.47424316
593.92944336,706.70800781
592.48999023,643.81799316
596.32733154,808.67028809
584.72277832,294.73004150
589.04193115,479.12139893
589.13079834,483.78216553
586.85382080,382.06817627
593.85809326,686.23425293
589.97393799,517.55902100
586.23260498,351.89526367
591.50714111,578.07635498
589.89514160,503.73867798
597.00640869,813.93878174
592.82415771,631.61059570
588.08868408,425.96466064
594.00036621,679.15222168
596.39770508,782.40563965
586.12567139,328.54815674
586.12567139,328.54815674
589.91241455,488.47030640
588.06951904,406.45233154
588.06951904,406.45233154
596.16876221,753.88287354
596.72827148,776.35382080
593.88659668,653.49169922
587.79852295,375.60934448
587.14251709,345.13699341
591.21588135,518.11138916
592.89996338,582.40557861
608.71295166,1273.79296875
591.98797607,544.19158936
586.47912598,306.54061890
590.33923340,466.38226318
590.33923340,466.38226318
589.11535645,412.26058960
593.95477295,615.80957031
590.49957275,459.87026978
590.49957275,459.87026978
596.37719727,713.82574463
588.60375977,381.23117065
596.30181885,708.85858154
589.13977051,394.46472168
593.38677979,577.97717285
596.33477783,701.09478760
589.57537842,404.72854614
591.03533936,467.84341431
591.03533936,467.84341431
592.91528320,538.29748535
594.02380371,567.67773438
592.59307861,504.74508667
595.56335449,632.38470459
588.79345703,337.85360718
592.13671875,483.01022339
592.13671875,483.01022339
595.93847656,645.86047363
590.62890625,411.39370728
593.06439209,509.87738037
595.81585693,616.80108643
591.59985352,431.02227783
592.90850830,479.71179199
592.27960205,446.24822998
590.01721191,349.42169189
592.27960205,446.24822998
589.40344238,327.99734497
591.51531982,397.59732056
595.78930664,578.89508057
588.35528564,254.00083923
608.72430420,1130.97216797
595.11364746,532.26708984
592.25396729,406.07516479
608.77972412,1124.41748047
593.55975342,457.10144043
594.38604736,493.91726685
594.69311523,502.13699341
594.96319580,510.66995239
594.22564697,477.77786255
591.85308838,367.39279175
591.08404541,336.16015625
591.46337891,347.57980347
595.43457031,518.88494873
593.29785156,425.85876465
596.04418945,540.87103271
597.95416260,612.51934814
592.55706787,381.24288940
595.04736328,467.90267944
592.72601318,364.70297241
596.13848877,511.54211426
590.14208984,244.53839111
590.45355225,255.79518127
595.75823975,484.79568481
596.17437744,491.75286865
595.38476562,449.73895264
593.63385010,374.00106812
595.92492676,473.33755493
596.15539551,477.96487427
595.57012939,438.19476318
594.28723145,380.87329102
600.03283691,626.66552734
597.17742920,501.90798950
592.02276611,273.51358032
594.87298584,394.30706787
600.43121338,633.00140381
594.51806641,388.24551392
711.67596436,1381.54577637
600.47851562,627.57238770
594.22314453,348.05059814
595.77972412,407.32809448
594.10644531,333.03787231
593.55810547,272.83822632
599.43530273,519.23175049
600.50781250,536.43023682
600.44519043,506.17813110
597.96002197,387.89233398
601.33593750,515.16534424
598.99542236,410.04196167
598.97601318,392.15695190
601.95751953,523.15362549
597.03967285,299.93875122
599.18511963,379.84573364
601.62426758,484.39007568
600.06292725,407.78738403
600.31396484,416.94763184
600.06048584,399.45611572
601.04223633,422.18774414
623.33831787,1383.84423828
603.21655273,505.43527222
603.82684326,510.37670898
603.15289307,426.53387451
604.56262207,433.49041748
605.10327148,426.12374878
605.10327148,426.12374878
606.22320557,471.12966919
605.64508057,446.82315063
606.81066895,453.00506592
608.71557617,463.74072266
609.79107666,472.08087158
611.10638428,523.95349121
610.94744873,510.30621338
609.77020264,450.24487305
609.77020264,450.24487305
609.74273682,437.29443359
612.86383057,521.38110352
612.86383057,521.38110352
612.11358643,473.41741943
611.70489502,449.63040161
611.70489502,449.63040161
711.67596436,1381.54577637
630.84222412,1214.14123535
614.50811768,478.72686768
614.50811768,478.72686768
631.82885742,1205.47033691
614.57196045,459.97286987
615.97930908,473.51763916
615.62927246,456.87808228
634.39337158,1225.67980957
634.38134766,1217.99963379
618.30413818,476.42648315
619.56335449,501.44213867
641.68627930,1391.48474121
621.51019287,510.40676880
638.86694336,1224.33862305
635.85974121,1091.88403320
641.79431152,1316.65820312
636.46374512,1088.09655762
637.13977051,1096.10827637
622.95959473,481.76303101
637.64739990,1104.00195312
622.04956055,435.69415283
624.31683350,490.71258545
641.84295654,1221.53247070
639.14361572,1095.41162109
639.66394043,1103.09631348
624.92315674,451.74285889
626.14093018,457.92489624
641.99530029,1083.10534668
641.99530029,1083.10534668
629.15185547,515.99078369
628.06109619,468.89840698
651.19366455,1393.94812012
629.66131592,469.45608521
630.51562500,474.09344482
657.08953857,1522.93762207
657.08953857,1522.93762207
632.26910400,483.70434570
650.00030518,1123.03308105
650.86883545,1131.56726074
651.07916260,1114.66064453
656.72131348,1237.90515137
519.67541504,536.52484131
665.27819824,1307.09716797
662.59246826,1132.20349121
667.35119629,1316.00061035
664.07629395,1136.88928223
671.53625488,1308.01123047
672.61578369,1315.86010742
554.84490967,662.34521484
554.84490967,662.34521484
697.32183838,1217.89282227
698.93310547,1220.79309082
699.23413086,1213.32263184
700.14978027,1226.84362793
701.54980469,1229.14123535
702.14477539,1216.81811523
706.63873291,1222.91967773
707.97479248,1218.31799316
719.00531006,1199.94812012
722.89074707,1212.85485840
724.76519775,1210.90527344
726.05462646,1212.70239258
729.95776367,1208.84204102
767.69860840,1201.42797852
771.01391602,1201.84265137
773.16143799,1201.85620117
774.17333984,1234.23095703
774.76226807,1244.39245605
775.40734863,1226.93432617
775.07403564,1214.29528809
776.73883057,1245.26000977
776.87902832,1234.70544434
777.28619385,1239.17895508
779.24865723,1235.18737793
778.56585693,1195.53442383
779.63488770,1205.79138184
780.26623535,1217.33618164
847.47515869,1437.22570801
848.16192627,1421.01452637
849.83801270,1425.10510254
850.99322510,1438.80859375
853.09802246,1465.16772461
865.11016846,1564.93554688
866.08789062,1478.66845703
866.08789062,1478.66845703
868.89373779,1476.45837402
868.89373779,1476.45837402
876.91992188,1562.75695801
878.28247070,1561.45385742
878.28247070,1561.45385742
879.07312012,1559.64843750
885.97845459,1531.13830566
885.31781006,1497.68383789
886.05993652,1525.24719238
888.93890381,1551.31799316
1.03298759,171.51914978
4.44321442,174.75537109
23.19677162,79.25148773
1.16701043,218.99691772
11.01904392,172.46789551
1.03747272,235.80207825
0.69535983,238.88560486
26.68205452,88.26815033
17.14216995,156.82164001
32.93285370,83.28470612
32.93285370,83.28470612
7.54157209,264.00073242
14.76635551,218.57026672
14.76635551,218.57026672
1.43964136,327.12188721
22.54783821,193.97819519
3.49898005,317.69238281
0.79574043,336.20989990
3.17690969,334.08175659
1.81685424,346.03295898
1.81685424,346.03295898
1.81685424,346.03295898
0.59589827,364.79998779
1.28452909,371.00588989
5.29946136,356.70446777
8.25644398,337.50881958
1.43789661,384.96182251
8.84486580,345.20034790
16.07440186,304.13919067
16.07440186,304.13919067
9.99150753,341.97351074
1.30951834,400.50360107
1.30951834,400.50360107
13.48434544,328.05252075
13.48434544,328.05252075
1.96983814,413.56558228
40.98630905,165.52006531
40.98630905,165.52006531
13.35201931,342.59936523
5.36541510,411.67990112
19.83191299,337.11544800
25.13099098,331.64154053
0.82301462,490.10714722
24.97488022,337.39163208
27.25904465,333.53009033
27.25904465,333.53009033
0.65358043,510.45678711
31.20785713,331.30313110
31.40409279,334.23364258
35.86293793,329.20846558
38.18532944,347.12329102
29.54612350,396.41265869
45.85710526,324.24584961
17.15305710,539.65264893
2.95591640,652.95611572
94.66197205,34.53939819
54.09275055,310.95480347
53.16258240,323.23559570
55.48708344,317.73394775
4.44492197,670.21948242
8.79122257,651.17767334
14.37416840,611.31103516
13.82647800,615.21740723
6.81376314,665.63372803
13.58588696,621.92761230
0.84650010,711.77557373
16.23397827,608.00256348
52.64294052,357.18188477
58.07880402,321.78485107
17.51479912,602.29730225
81.37989044,163.40953064
11.58727932,647.06921387
8.59218311,671.80084229
8.59218311,671.80084229
18.59874344,605.61450195
16.92266273,618.00628662
6.02414942,696.49182129
83.65312195,160.30184937
16.28945351,631.17736816
16.28945351,631.17736816
17.62570190,622.96081543
14.00378895,649.43041992
12.38159847,662.36633301
4.94108105,713.44604492
14.85297489,645.45233154
14.85297489,645.45233154
62.10451889,319.17349243
18.87856483,620.03588867
13.85925293,655.53051758
9.70429516,687.63275146
63.93799210,312.44461060
7.50775433,705.10150146
14.25388145,658.55987549
9.49103546,693.98663330
17.62780380,640.93511963
0.68846405,759.26013184
14.89707947,660.87744141
14.89707947,660.87744141
16.74837685,650.49188232
54.11101532,392.80880737
14.94260216,666.80596924
13.96410179,675.51318359
15.04775047,669.60308838
6.95233202,725.84814453
12.93134022,686.29656982
18.93211365,647.70880127
20.90757751,634.14471436
11.29255486,701.59167480
11.29255486,701.59167480
3.35818410,760.80352783
17.00328255,663.89971924
13.24201488,691.61859131
8.66068077,723.75958252
14.51159477,683.13110352
19.80388069,645.03894043
19.80388069,645.03894043
19.80388069,645.03894043
16.17519569,673.14813232
79.76718140,229.77752686
79.76718140,229.77752686
21.45238686,639.78826904
22.74108315,631.92120361
16.18913841,681.05651855
19.40792656,660.13616943
14.14555836,697.11816406
20.04154205,656.42376709
20.04154205,656.42376709
18.87434578,666.00390625
14.32612801,699.65026855
14.32612801,699.65026855
13.94076538,704.30682373
19.02203369,668.77203369
24.63317680,634.09112549
16.95790672,687.44183350
18.58411026,676.77032471
19.37898064,673.57086182
26.08365631,631.58618164
25.17153549,637.27392578
16.53856277,698.08978271
100.59476471,108.70387268
94.96786499,149.51132202
18.15673256,690.38354492
19.13620949,684.85455322
17.78275490,695.43493652
24.15804482,653.88195801
24.67369652,650.26440430
75.19970703,295.99331665
23.05494308,665.23199463
23.05494308,665.23199463
16.37515831,716.54650879
21.11115265,683.19592285
26.41426468,648.16485596
26.41426468,648.16485596
19.25071144,698.45715332
27.64141846,641.40203857
28.62928581,634.82263184
19.40530777,700.85925293
21.26274300,688.44329834
23.05326462,676.62670898
37.57444382,580.68029785
96.74198914,161.67214966
26.35915565,660.41906738
119.57747650,2.67666483
25.53677177,668.18096924
23.76471710,681.90228271
31.94011116,625.40075684
31.94011116,625.40075684
90.90631866,209.12013245
31.20315933,634.39398193
22.88643837,697.08862305
29.04911995,656.06378174
111.84014130,71.40482330
28.73973274,663.28979492
32.43729782,639.86596680
92.72497559,213.19349670
100.09296417,161.30967712
100.09296417,161.30967712
94.01087189,206.95072937
95.86836243,197.29899597
104.09904480,139.65065002
4.33068848,850.41949463
96.98374939,193.23963928
98.62181854,183.18478394
34.32329559,643.80139160
81.04554749,306.48678589
10.81972980,812.87750244
35.61136246,648.40411377
36.97934723,640.41888428
106.72932434,141.98452759
33.98342514,663.91296387
107.17166138,139.76333618
14.22176743,807.82391357
35.67922211,655.30749512
108.62606049,132.24247742
9.20153141,851.63360596
72.86214447,406.94885254
34.19926071,689.29449463
88.36057281,307.10559082
13.84340382,849.98480225
32.91704559,726.34503174
88.36057281,307.10559082
0.84344435,951.22387695
0.84344435,951.22387695
16.29101944,859.93499756
21.74482727,825.79809570
7.94214630,943.53955078
101.38117218,251.82841492
116.15783691,148.63496399
41.24953079,703.39978027
42.48647690,717.86895752
98.82736206,305.19580078
48.24171448,679.65093994
40.94004059,728.60815430
40.94004059,728.60815430
46.39464951,698.85809326
46.55488205,701.57019043
46.55488205,701.57019043
47.87203217,694.41857910
106.98876953,251.16189575
47.91585922,690.59655762
50.51935959,677.79705811
27.19444275,850.35571289
42.52903748,740.69207764
28.47436714,847.31256104
18.01035881,930.02947998
54.55708313,658.94854736
52.91408920,690.08398438
48.35967255,728.69665527
48.35967255,728.69665527
54.81393433,680.90203857
51.60700226,708.55078125
46.80567551,745.12054443
48.55353928,737.24487305
128.27377319,154.74867249
64.80771637,631.05249023
64.80771637,631.05249023
53.46004486,721.10278320
53.46004486,721.10278320
58.95750427,689.33752441
60.29899597,681.57257080
68.47119141,622.91387939
68.47119141,622.91387939
38.89196014,850.02288818
54.00330734,736.94372559
60.08091354,691.71356201
60.08091354,691.71356201
118.61840057,248.63681030
61.20691299,686.41082764
111.46250153,310.93896484
69.67997742,628.21655273
53.18148422,756.58056641
58.33613586,714.65179443
61.77709961,694.11633301
60.17469788,717.58526611
61.69986725,708.55975342
72.09932709,630.35662842
71.57969666,633.16046143
72.42040253,627.76391602
73.58205414,622.21820068
104.26486969,387.12844849
58.27408218,743.81781006
65.82818604,685.60955811
66.67736816,682.65173340
74.36482239,625.04998779
105.65219879,385.41610718
62.70478821,716.46527100
116.34065247,306.60229492
63.06588364,711.96032715
62.39793777,720.23510742
36.20370865,929.03088379
116.84804535,311.87506104
65.36734009,707.47943115
65.77804565,704.42620850
66.95321655,695.91918945
68.22689056,687.31695557
64.00647736,722.63208008
73.08920288,654.11901855
73.08920288,654.11901855
65.04885101,717.83081055
65.04885101,717.83081055
76.30847931,633.44830322
70.17475128,683.55700684
70.17475128,683.55700684
69.77574158,690.08856201
75.51238251,647.66851807
75.51238251,647.66851807
66.95384216,715.89697266
122.47776794,289.25741577
68.69490814,704.35534668
66.66694641,720.34167480
71.89465332,686.81591797
70.27508545,708.05786133
73.80716705,683.50134277
52.58729935,851.46215820
52.58729935,851.46215820
77.35062408,660.08850098
134.57652283,218.28802490
134.57652283,218.28802490
122.32650757,313.27151489
72.40895081,702.73126221
72.40895081,702.73126221
73.66260529,695.16284180
70.46071625,715.67639160
124.40267181,311.17739868
124.40267181,311.17739868
72.13433838,720.17156982
76.28363800,690.66601562
75.31856537,698.99523926
75.09661102,704.58178711
78.56459808,686.17150879
79.45573425,680.51763916
64.02624512,823.78607178
59.79254150,856.55200195
130.64450073,315.02243042
90.55629730,651.42724609
84.37429810,702.65106201
79.88365173,737.63610840
134.28041077,313.09820557
87.28057861,691.42950439
98.50866699,609.77423096
91.97364044,659.87371826
127.84250641,379.73370361
138.00239563,311.00457764
93.00000000,692.87261963
93.00000000,692.87261963
131.58229065,381.15301514
91.12543488,710.80047607
145.52040100,295.59240723
143.76235962,312.38562012
96.07568359,700.81860352
82.44648743,818.21606445
100.81868744,670.89739990
84.26258087,809.89617920
167.47332764,138.12045288
98.60884094,701.45190430
77.34504700,882.79772949
3.67355776,1486.56286621
87.26498413,806.96374512
99.96120453,703.50128174
94.30632782,747.63861084
157.91120911,242.38272095
101.04277039,708.88616943
103.56292725,694.54608154
77.49716187,911.36132812
171.09541321,149.26330566
178.50282288,98.66178131
180.47668457,94.09878540
180.47668457,94.09878540
107.74182892,703.43591309
110.24007416,688.68438721
169.08763123,200.93435669
182.36784363,101.82604980
159.35528564,318.34176636
114.96854401,691.78918457
113.66444397,702.18731689
120.97685242,664.58581543
122.54319763,691.45269775
128.10917664,654.10168457
139.48838806,556.59497070
122.89842987,700.21502686
122.89842987,700.21502686
-8.79454422,1838.69677734
126.59774017,693.55926514
128.52311707,682.03125000
194.51600647,128.80204773
171.11109924,358.39437866
135.54441833,674.48394775
5.44583797,1814.31286621
128.92184448,746.63415527
4.62847662,1832.23156738
2.46660376,1856.04199219
141.11897278,645.17559814
7.85120153,1818.92553711
5.97207308,1840.21789551
142.65371704,642.68304443
7.62068653,1828.42224121
142.04209900,648.74237061
18.19050789,1742.30529785
146.47834778,641.19549561
11.24131203,1884.54797363
11.24131203,1884.54797363
216.37136841,53.95836258
79.02152252,1306.75012207
16.24754524,1882.73754883
16.26552391,1887.31347656
16.26552391,1887.31347656
113.24391174,1033.36279297
85.21401978,1298.37280273
146.23817444,743.11779785
158.35931396,646.42175293
70.05609131,1475.10693359
192.53292847,385.10385132
78.07760620,1424.16967773
122.48668671,1045.31933594
126.66018677,1048.89685059
72.79376984,1570.25805664
164.29113770,732.33032227
169.84300232,740.43640137
133.22793579,1090.77648926
134.44976807,1083.41516113
201.08891296,456.40151978
174.83486938,731.18878174
98.21016693,1466.71740723
138.59764099,1089.20996094
145.57000732,1033.87268066
146.11514282,1026.27575684
146.74655151,1051.48181152
145.11851501,1090.34265137
150.40254211,1056.73876953
151.19616699,1052.27893066
148.42697144,1086.88830566
148.42697144,1086.88830566
150.48011780,1076.40673828
151.26667786,1070.93664551
163.26856995,962.90435791
152.07763672,1073.79833984
153.56585693,1058.28234863
200.94616699,596.11651611
155.00988770,1056.37243652
195.66346741,662.14135742
103.76093292,1569.92114258
153.62948608,1081.74719238
198.00964355,643.19604492
208.90802002,545.25122070
208.90802002,545.25122070
156.81317139,1065.90185547
209.25944519,542.23455811
173.87550354,897.77465820
107.16154480,1574.25317383
135.31440735,1296.25378418
174.84172058,914.06335449
160.60371399,1064.33593750
176.68043518,918.44207764
176.68043518,918.44207764
164.18817139,1023.53497314
103.96223450,1672.24560547
164.78622437,1064.29272461
166.32022095,1068.74597168
162.75361633,1111.80273438
163.73487854,1104.47949219
168.62120056,1054.95520020
214.34152222,604.20483398
175.20309448,1009.23608398
222.44143677,528.34710693
166.13548279,1109.58032227
182.52975464,937.38269043
169.41778564,1100.43310547
173.29937744,1059.26953125
210.56359863,677.60656738
168.97233582,1106.84484863
219.28366089,595.16815186
218.59555054,603.61328125
182.18229675,985.65319824
218.55754089,610.40026855
174.46136475,1081.15612793
211.60844421,696.13311768
176.09558105,1079.08288574
193.03862000,958.50317383
179.34442139,1064.13281250
267.44729614,155.01686096
253.73277283,314.82000732
154.21545410,1369.03540039
155.57902527,1375.98913574
182.90121460,1081.65405273
190.46762085,1023.02447510
139.21147156,1572.63732910
144.88281250,1523.15600586
186.25648499,1081.45275879
168.22024536,1290.68200684
161.89018250,1367.98791504
169.49472046,1296.39611816
228.77047729,660.51684570
114.21324158,1898.41137695
129.95111084,1737.91772461
202.26341248,964.44970703
155.83905029,1479.41137695
117.96654510,1896.34008789
117.96654510,1896.34008789
193.82514954,1087.49963379
194.84680176,1091.25683594
239.85018921,603.93933105
171.08551025,1368.89941406
168.83755493,1374.72180176
176.68879700,1309.54211426
230.82817078,721.56231689
178.28720093,1288.10925293
220.99235535,835.40826416
179.24890137,1294.58959961
217.57736206,882.58441162
198.36453247,1098.65649414
193.61468506,1170.25219727
224.85311890,831.01354980
197.05075073,1153.38061523
221.70867920,893.68194580
199.24815369,1145.75146484
203.95472717,1096.92224121
205.73150635,1093.80834961
199.35353088,1174.95507812
233.37452698,810.25701904
232.97523499,807.48455811
233.95213318,798.42028809
225.25741577,899.14910889
252.97822571,593.29663086
202.65577698,1184.78247070
225.84645081,905.89215088
249.15663147,648.56799316
205.39070129,1140.17395020
137.53691101,1908.92980957
246.03530884,684.12786865
248.22315979,663.93017578
203.52738953,1171.89086914
211.71627808,1088.67077637
237.15504456,800.23999023
238.59675598,785.34820557
238.59675598,785.34820557
235.24984741,835.12744141
208.83294678,1140.02502441
247.21650696,703.88189697
206.07220459,1178.35693359
212.50885010,1114.35937500
207.18493652,1181.54553223
212.45292664,1120.61059570
212.45292664,1120.61059570
205.36221313,1207.53588867
242.44845581,788.18432617
207.18006897,1202.30419922
214.36264038,1117.83630371
208.09066772,1191.42077637
233.21577454,911.69543457
278.25195312,390.51531982
221.85783386,1047.01928711
264.22561646,559.16937256
234.80030823,902.24743652
210.71031189,1182.97521973
209.65011597,1206.13037109
241.31015015,844.05395508
213.28094482,1186.30639648
220.39819336,1106.49328613
222.74470520,1092.38439941
270.47332764,537.37005615
248.47442627,806.82159424
232.66087341,992.17370605
227.42451477,1051.80273438
245.83699036,837.31353760
215.09230042,1197.15124512
226.10595703,1077.77539062
255.35987854,737.37896729
255.35987854,737.37896729
228.66769409,1048.04858398
225.68905640,1086.91589355
217.75282288,1186.58154297
216.28529358,1206.01281738
217.01045227,1198.11376953
248.83192444,831.40411377
260.09658813,703.81213379
265.22796631,648.48388672
219.52671814,1183.88928223
251.39788818,810.87054443
219.39822388,1202.17651367
253.33689880,801.89532471
221.40080261,1194.07556152
254.11007690,819.16040039
229.73458862,1119.01318359
229.73458862,1119.01318359
237.35339355,1030.34448242
255.40208435,817.22143555
258.31387329,808.65374756
258.07031250,815.07592773
256.71765137,823.38903809
256.71765137,823.38903809
242.81280518,1035.76489258
242.81280518,1035.76489258
225.98413086,1287.00341797
235.87649536,1201.59582520
249.66320801,1044.96337891
268.43322754,814.48181152
278.94696045,688.00848389
260.06137085,930.49243164
260.06137085,930.49243164
261.17483521,927.50543213
271.38650513,819.31890869
270.70880127,831.93713379
290.86419678,592.78125000
272.71566772,830.21984863
271.26507568,850.36254883
274.30935669,821.47558594
264.75222778,949.05664062
263.23934937,992.74591064
276.49517822,825.88580322
267.91680908,942.02832031
248.13290405,1204.15820312
274.21044922,862.72851562
271.43258667,941.90258789
268.02471924,989.91418457
268.02471924,989.91418457
272.15493774,952.48614502
281.04873657,837.91406250
269.11849976,998.86090088
300.10198975,635.24810791
294.46807861,704.69927979
272.94705200,994.66363525
275.91360474,956.90814209
275.91360474,956.90814209
283.92523193,857.44415283
309.98870850,519.92205811
285.34692383,841.16058350
287.86209106,820.42095947
287.86209106,820.42095947
304.57916260,602.94219971
349.54995728,4.88486004
206.84757996,1890.72314453
234.35025024,1564.36010742
206.84757996,1890.72314453
286.75329590,854.84826660
269.72137451,1082.34692383
291.31542969,801.57342529
290.79092407,816.67443848
290.79092407,816.67443848
291.70950317,812.71258545
256.90872192,1282.46728516
313.14471436,537.01818848
259.67562866,1280.04870605
322.26379395,434.81362915
260.93029785,1283.51757812
247.30113220,1473.34924316
327.14346313,415.51766968
293.11569214,872.54296875
296.92443848,875.86834717
268.93386841,1272.21289062
262.86190796,1378.01586914
304.86581421,814.37243652
272.08868408,1275.73022461
257.61755371,1473.43884277
301.94952393,872.52911377
272.83300781,1284.52246094
309.82723999,813.72705078
311.80310059,871.88055420
310.75518799,938.62725830
336.62289429,584.69543457
351.30438232,384.88244629
342.10952759,532.94964600
334.15716553,738.14788818
289.95327759,1473.07348633
336.54586792,811.35345459
301.15512085,1472.67004395
365.08404541,529.22204590
340.96530151,935.90936279
320.80056763,1281.87145996
368.83786011,583.29211426
365.09115601,795.19958496
375.68560791,633.95605469
363.84628296,869.76428223
368.18206787,808.44067383
369.56036377,933.56579590
369.30630493,936.28430176
421.31900024,53.39408112
373.06292725,933.32464600
388.45162964,746.96276855
437.72338867,206.94125366
448.19839478,7.55857897
446.52203369,269.61676025
444.36169434,447.67932129
449.31930542,595.07427979
457.51419067,654.94964600
463.07653809,745.85955811
470.61788940,581.61499023
465.45501709,772.00323486
478.91293335,471.25332642
480.75463867,724.56506348
648.59063721,1246.31494141
650.32281494,1273.21606445
654.19805908,1243.46264648
657.62493896,1270.61743164
677.22692871,1515.58569336
703.07238770,1262.16748047
703.07238770,1262.16748047
719.08825684,1263.07336426
721.58508301,1268.42456055
721.58508301,1268.42456055
725.04827881,1373.16308594
723.23651123,1262.77807617
730.57348633,1526.37866211
726.81005859,1384.80322266
727.97888184,1392.72326660
731.64410400,1384.84436035
733.88067627,1373.10803223
741.27484131,1543.93164062
741.39141846,1384.37097168
743.87689209,1373.24865723
836.16961670,1379.11926270
752.32604980,1235.25646973
762.02343750,1236.02880859
711.67596436,1381.54577637
775.91552734,1281.24902344
779.40069580,1376.65002441
779.41027832,1277.67773438
792.51104736,1280.89062500
797.47631836,1281.23278809
831.67669678,1299.48315430
836.16961670,1379.11926270
638.43963623,1383.20056152
638.43963623,1383.20056152
920.53637695,1636.21118164
924.03106689,1632.84582520
924.19079590,1628.59545898
925.42626953,1646.36682129
846.08074951,1378.60327148
846.08074951,1378.60327148
1081.04296875,1649.36975098
1081.91931152,1299.68713379
