9.90214157,565.58666992
12.17358589,6.07357311
17.01410866,3.06332445
17.44105339,6.82821178
184.43392944,1095.92883301
185.40313721,1092.31018066
188.28027344,1109.31311035
189.32698059,1119.76330566
190.53187561,1128.44873047
191.40611267,1123.23144531
191.98901367,1131.74389648
192.83526611,1135.50134277
218.28366089,640.45135498
223.45095825,983.61541748
219.27009583,632.34967041
219.42597961,627.75146484
222.20018005,598.58306885
223.09182739,557.10498047
224.56402588,572.66931152
224.79598999,567.69482422
225.31166077,589.65106201
225.72627258,570.35827637
225.71722412,559.68280029
225.77796936,559.51489258
226.29617310,525.68347168
228.15937805,533.91558838
229.87939453,516.35986328
230.51292419,487.06341553
231.77632141,505.70077515
233.15797424,462.40585327
233.65396118,458.11773682
235.43479919,467.24868774
261.58886719,215.19746399
261.56311035,210.85908508
263.41873169,233.86120605
267.03637695,240.64654541
330.49237061,1892.82019043
330.38113403,1788.23291016
331.95297241,1679.10412598
336.38354492,1819.38403320
336.87045288,1810.23510742
336.73321533,1792.52966309
337.25729370,1805.26098633
339.06158447,1764.15002441
339.27023315,1748.91821289
340.23794556,1786.76599121
339.93136597,1741.89575195
341.24612427,1721.78747559
342.38604736,1768.84765625
342.38604736,1768.84765625
341.96102905,1709.70886230
342.06582642,1715.06311035
342.53649902,1744.12011719
342.66244507,1666.10827637
343.68386841,1723.73120117
343.17636108,1684.23132324
344.88565063,1696.23193359
345.39419556,1676.50036621
345.83447266,1640.63757324
346.36828613,1624.74633789
347.19540405,1647.98535156
346.03149414,1571.96057129
347.93069458,1661.90698242
348.41409302,1567.37451172
350.77230835,1571.84240723
349.15179443,1471.18139648
350.86151123,1534.17761230
351.36306763,1483.83032227
353.16854858,1536.23327637
353.22933960,1530.28332520
354.18963623,1468.58752441
359.00790405,1375.13623047
359.10040283,1372.38586426
360.18209839,1373.65039062
361.43719482,1381.06042480
370.42752075,1779.90686035
362.09445190,1279.72534180
363.93133545,1360.25817871
364.20800781,1336.89782715
363.24639893,1276.11926270
364.44064331,1300.12634277
364.38766479,1281.03222656
371.44821167,1676.95922852
365.93017578,1309.53979492
371.03128052,1575.16674805
367.23461914,1286.10571289
369.29031372,1377.02880859
367.18655396,1245.62731934
371.21987915,1477.59924316
368.68344116,1260.13989258
368.94354248,1269.84509277
371.18951416,1370.85266113
374.61804199,1567.88854980
368.45932007,1189.36230469
369.51074219,1242.97949219
369.25958252,1209.02966309
369.55078125,1202.96850586
371.20538330,1274.41552734
370.55264282,1190.86486816
370.58215332,1187.46069336
374.38861084,1379.88330078
371.74978638,1206.37182617
371.92962646,1199.56188965
378.21493530,1568.75439453
378.21493530,1568.75439453
380.59414673,1677.56604004
373.95422363,1197.78417969
372.00845337,1073.29895020
381.79400635,1482.31982422
383.41320801,1570.00024414
383.41320801,1570.00024414
380.39135742,1387.31188965
384.93173218,1485.74267578
384.93173218,1485.74267578
383.13900757,1207.17468262
388.08877563,1484.48474121
386.44012451,1380.68615723
388.24243164,1391.78808594
383.07049561,929.08776855
384.18688965,992.42486572
391.11502075,1383.84252930
385.78649902,1076.12268066
384.38790894,992.64483643
384.26995850,983.77612305
386.67059326,1052.93225098
392.64987183,1394.51452637
386.07745361,930.97375488
388.48153687,1026.38305664
388.43270874,1019.38562012
388.52944946,1014.74932861
388.55798340,999.14135742
388.77355957,1005.66168213
387.69644165,936.08636475
400.54385376,1665.93457031
386.60546875,869.89660645
386.82022095,860.89941406
390.01919556,1034.59826660
389.49203491,996.54937744
389.31774902,985.03771973
390.66268921,1019.22882080
390.85531616,1025.04724121
390.74258423,1013.00848389
389.25271606,923.02783203
389.50915527,933.49511719
402.76492310,1676.28771973
394.92108154,1212.28259277
395.20913696,1219.15246582
390.36804199,931.46270752
390.28405762,921.33685303
392.13073730,1004.02636719
396.12750244,1215.43884277
390.41574097,864.23577881
391.74108887,938.96466064
391.74108887,938.96466064
393.04333496,999.35772705
403.87612915,1581.55566406
392.48077393,934.25592041
392.42556763,919.56030273
391.90847778,880.36926270
392.41802979,871.20428467
400.04360962,1226.46020508
394.76708984,927.65270996
400.14678955,1223.99133301
405.16232300,1483.62060547
400.48843384,1214.22863770
395.81716919,943.52416992
398.63296509,1089.30993652
397.46145630,1006.11706543
407.93478394,1482.29992676
408.34954834,1485.31677246
408.34954834,1485.31677246
409.50952148,1492.23437500
409.99450684,1483.44384766
404.76675415,1123.76391602
403.30923462,1014.31927490
401.33282471,884.16699219
404.08859253,1017.17620850
412.98645020,1484.15209961
415.15499878,1481.92822266
415.15701294,1481.98242188
401.33648682,629.85833740
409.96218872,1023.44372559
410.07888794,1020.73712158
410.31735229,1018.06658936
404.80163574,620.54785156
405.58306885,600.59930420
413.35342407,1028.58178711
418.83285522,1317.35156250
405.65676880,588.97772217
413.89889526,1026.30749512
409.20202637,756.24261475
413.45803833,901.96026611
409.53759766,641.05645752
408.76818848,569.04510498
409.43991089,564.03845215
409.58312988,563.97991943
415.04965210,768.52551270
420.00433350,1032.32055664
418.99856567,961.65533447
418.41937256,916.58850098
419.40698242,947.48120117
416.34619141,779.25842285
421.38369751,1034.30615234
421.87426758,1038.01208496
422.04611206,1040.91003418
420.45773315,925.95080566
431.38748169,1500.93395996
414.75012207,579.41021729
431.63299561,1411.42895508
424.35232544,991.53118896
423.63201904,935.89166260
423.63201904,935.89166260
424.11663818,955.70666504
424.50381470,959.67016602
424.43408203,941.59082031
423.12789917,857.20599365
423.69033813,862.65350342
422.52655029,798.90332031
425.53695679,952.93237305
425.46121216,935.07690430
434.82214355,1413.41711426
426.14245605,939.36456299
428.11560059,1042.93872070
436.74542236,1503.29370117
427.38156128,991.64343262
424.60897827,835.88800049
424.38961792,818.64239502
423.28411865,724.78265381
429.41644287,1047.78247070
426.32571411,868.67480469
425.03668213,790.03503418
428.36074829,955.13647461
428.36074829,955.13647461
424.47006226,740.60852051
430.14575195,1043.17053223
430.18960571,1042.85034180
423.37792969,674.39276123
437.78430176,1421.47448730
426.86001587,822.05780029
431.41586304,1050.65319824
425.34600830,723.56396484
425.34600830,723.56396484
436.89700317,1340.48693848
431.62686157,1054.02490234
428.39984131,873.83148193
423.83129883,622.68902588
428.53897095,867.08337402
428.58428955,851.12408447
428.58807373,826.71765137
437.14135742,1257.20178223
429.47033691,838.84722900
427.38211060,721.47729492
431.93664551,945.77716064
432.39611816,964.15307617
431.90835571,920.87280273
428.52197266,711.47863770
431.99502563,882.10235596
433.77252197,974.22467041
433.12341309,931.64593506
433.12341309,931.64593506
433.46850586,948.01782227
433.46850586,948.01782227
432.14099121,873.94995117
439.36871338,1253.16137695
433.54693604,939.60668945
433.54693604,939.60668945
427.94265747,631.14001465
438.47775269,1172.60986328
430.05545044,717.28289795
432.09228516,826.17425537
440.38433838,1263.09094238
436.62286377,1061.81677246
432.29995728,822.77124023
440.52847290,1259.91662598
430.45361328,709.90490723
434.52673340,915.16845703
436.13989258,995.17938232
444.30120850,1422.28088379
433.32278442,826.89727783
433.80590820,847.06207275
435.57232666,937.33850098
429.70523071,618.44610596
429.70523071,618.44610596
429.94854736,629.96337891
436.00277710,950.62268066
435.38308716,907.83099365
436.99221802,970.11016846
437.69699097,1003.47143555
432.69589233,718.80853271
434.66998291,820.38336182
432.83987427,710.46740723
433.96023560,764.94012451
436.52359009,898.52563477
443.40185547,1263.45153809
437.87078857,964.19458008
431.89828491,636.20843506
436.16452026,854.94134521
436.12942505,851.84344482
431.78948975,618.77362061
439.91894531,1043.40270996
439.91894531,1043.40270996
437.39260864,904.53491211
437.39260864,904.53491211
439.92382812,1038.83959961
435.58923340,806.89154053
456.55819702,1921.93481445
434.42639160,743.98474121
436.33862305,845.35839844
438.30511475,949.24853516
435.28817749,760.38873291
434.75933838,729.03009033
436.45947266,818.04754639
434.68920898,718.23046875
439.58419800,976.55041504
439.58419800,976.55041504
432.70932007,611.13555908
439.59219360,976.69433594
443.37896729,1170.00866699
434.79769897,713.93847656
438.14675903,876.32983398
435.80850220,733.04742432
440.66479492,983.27105713
438.27584839,853.02673340
436.82803345,766.34240723
433.84881592,608.24328613
441.70956421,1025.20959473
440.30752563,946.98168945
434.36911011,627.64251709
436.73522949,748.72595215
439.70523071,901.41113281
438.02038574,806.33703613
442.59674072,1039.61962891
439.89422607,886.15130615
441.87622070,986.26788330
441.87622070,986.26788330
435.58264160,650.86492920
441.88235474,979.29302979
435.94580078,645.91314697
440.06286621,863.02832031
435.41000366,612.21313477
440.73434448,880.91284180
440.68399048,875.28173828
441.33224487,890.31787109
436.22814941,616.14447021
444.09066772,1025.59985352
444.09066772,1025.59985352
443.13668823,972.67602539
443.13668823,972.67602539
453.25906372,1497.87280273
439.84588623,788.27795410
442.89123535,947.62615967
436.72937012,620.64569092
440.66317749,826.18420410
443.19128418,955.20819092
443.84368896,980.42321777
437.27050781,630.31604004
444.29989624,991.33447266
437.49493408,614.44165039
442.66577148,885.75775146
442.66577148,885.75775146
442.23397827,862.16876221
442.56997681,870.68621826
444.36105347,959.46264648
441.99560547,833.67730713
443.33880615,901.10430908
438.17608643,618.16625977
438.17608643,618.16625977
441.66012573,789.54864502
445.04022217,963.21246338
444.50823975,930.85168457
445.08840942,961.21807861
443.11785889,851.56939697
446.92819214,1051.21276855
439.71267700,663.15966797
447.78030396,1077.44946289
439.60372925,632.11065674
443.02722168,807.45135498
439.84149170,639.22961426
440.13134766,652.62176514
446.97567749,988.00421143
445.04879761,884.69781494
445.04879761,884.69781494
446.87658691,979.12115479
441.96286011,693.18084717
445.21331787,846.24468994
445.97772217,881.40686035
454.96279907,1352.02941895
441.77798462,658.98193359
446.22595215,890.70989990
447.21823120,940.73150635
444.28408813,780.80120850
444.28408813,780.80120850
446.14904785,872.46875000
445.26910400,824.60784912
445.90066528,853.33880615
449.57315063,1036.63171387
449.57315063,1036.63171387
450.51663208,1081.86962891
448.11053467,954.31158447
442.87847900,678.58392334
449.11077881,979.60375977
449.11077881,979.60375977
448.31866455,931.08447266
446.22225952,821.03137207
446.22225952,821.03137207
446.49716187,828.31860352
448.94073486,946.86718750
448.94073486,946.86718750
450.11889648,1002.92010498
456.79965210,1348.25781250
450.11322021,993.45916748
452.07189941,1085.89489746
452.07189941,1085.89489746
450.22286987,962.20410156
450.22286987,962.20410156
446.80136108,780.60375977
448.97622681,890.37939453
451.48153687,1019.11871338
451.48153687,1019.11871338
447.34896851,801.71520996
446.65292358,759.49896240
451.05841064,988.53771973
450.80587769,967.50708008
450.80587769,967.50708008
449.93142700,920.43701172
453.18936157,1081.36950684
445.70767212,689.77612305
448.41323853,825.99090576
450.40942383,928.98077393
448.36138916,816.30261230
453.58721924,1085.84423828
451.11221313,952.96911621
450.97836304,940.00433350
452.34838867,983.41790771
453.12893677,1010.90075684
448.71191406,765.24188232
453.08544922,986.75921631
451.12854004,882.64416504
451.12854004,882.64416504
449.76321411,808.85357666
449.76321411,808.85357666
449.76321411,808.85357666
450.60418701,847.77301025
450.60418701,847.77301025
449.96954346,814.18426514
455.28765869,1084.31054688
451.05258179,859.73901367
460.70886230,1351.00134277
455.53317261,1071.88122559
455.53317261,1071.88122559
452.99505615,926.40924072
453.15066528,934.03845215
450.69592285,803.56799316
448.53927612,683.89050293
448.53927612,683.89050293
453.96246338,955.08703613
456.39733887,1079.22521973
450.52691650,772.87683105
452.11404419,844.47344971
452.11404419,844.47344971
455.32202148,1002.35034180
456.26593018,1035.11572266
452.13668823,812.40887451
452.13668823,812.40887451
452.49072266,820.91082764
457.10580444,1057.23193359
454.67843628,917.37762451
457.70101929,1073.72338867
463.06509399,1352.69775391
458.07513428,1092.72216797
453.20614624,835.03472900
456.15536499,973.08905029
457.25497437,1029.96838379
452.59289551,787.44305420
452.88134766,800.81225586
455.06069946,901.73272705
456.25387573,940.16979980
458.36862183,1045.74694824
458.06207275,1019.43151855
458.39163208,1034.73095703
456.44235229,919.39007568
459.61389160,1079.79138184
457.44308472,965.07025146
457.44308472,965.07025146
455.93838501,864.84167480
464.38613892,1291.51171875
455.16931152,799.70312500
457.74267578,926.77465820
459.95080566,1032.86718750
455.70715332,807.18920898
457.81106567,905.60345459
460.81555176,1053.96020508
460.81555176,1053.96020508
459.74160767,977.90405273
459.82669067,970.54187012
459.66656494,938.26757812
457.46191406,822.66613770
457.19235229,804.73443604
458.00714111,846.38531494
462.19662476,1048.64904785
463.10406494,1081.01062012
458.40911865,819.46197510
461.70977783,988.28741455
461.70977783,988.28741455
460.73132324,932.76086426
463.11056519,1052.50781250
462.88491821,1035.63635254
458.65075684,814.52075195
463.39883423,1056.91613770
462.67678833,997.67230225
465.06628418,1098.70764160
460.89300537,880.34552002
460.89300537,880.34552002
461.13800049,870.66876221
460.50283813,818.66119385
462.14306641,899.90808105
465.35061646,1060.08190918
475.57333374,1584.74487305
464.74853516,1023.13659668
462.43472290,883.50793457
473.12939453,1431.59338379
464.49514771,986.85186768
464.67422485,993.70922852
463.48043823,925.34545898
465.55914307,1026.64685059
463.49942017,895.31738281
467.56884766,1102.56689453
466.17877197,1020.08728027
463.62164307,878.71789551
463.62164307,878.71789551
466.86270142,1035.02465820
466.86270142,1035.02465820
468.41180420,1107.17749023
467.19998169,1028.60766602
465.17477417,921.33087158
465.57562256,924.51031494
474.26519775,1367.41162109
465.85507202,935.70355225
465.85507202,935.70355225
464.42752075,826.06683350
475.71386719,1371.59472656
465.54058838,841.08404541
477.30050659,1439.12390137
466.71563721,894.46612549
469.06689453,1014.69750977
449.13269043,-6.45044184
475.00146484,1297.62854004
468.68829346,954.30328369
468.68829346,954.30328369
467.87042236,905.03796387
470.06066895,1006.83819580
470.06066895,1006.83819580
469.05364990,943.11022949
466.92959595,832.71301270
471.11932373,1038.44665527
470.74224854,990.55749512
469.04980469,879.14965820
472.33908081,1045.23181152
471.79888916,1015.03503418
477.43194580,1299.55249023
470.25109863,930.64825439
469.56655884,890.30657959
468.73965454,846.46350098
471.12445068,967.65338135
470.66769409,904.37280273
469.54745483,838.32550049
472.09207153,964.93438721
473.93823242,1055.28430176
473.93823242,1055.28430176
473.93823242,1055.28430176
473.43002319,990.45703125
472.48373413,932.60980225
471.04797363,842.96447754
472.61068726,917.89270020
457.47845459,127.85686493
472.51623535,875.84704590
473.14865112,900.02050781
458.54632568,138.43756104
475.60375977,998.97698975
474.45516968,940.70178223
477.05810547,1061.41894531
473.89401245,897.30566406
473.51242065,870.91711426
480.72222900,1232.22692871
475.29379272,953.44702148
477.47369385,1052.01135254
477.47369385,1052.01135254
476.18194580,975.58557129
474.83502197,887.72711182
460.55233765,128.55775452
478.09835815,1013.05285645
475.66049194,881.93725586
477.39129639,958.04895020
459.95663452,55.44182968
480.03335571,1062.03845215
487.85943604,1451.62304688
483.43554688,1218.11950684
478.97778320,989.66033936
476.55407715,861.77142334
460.78527832,61.13707352
461.98092651,120.70619202
478.59640503,953.85498047
486.09368896,1303.33911133
477.74163818,879.45068359
477.93634033,888.70861816
477.93634033,888.70861816
481.50512695,1058.45568848
481.01696777,1024.55236816
487.13815308,1309.57470703
462.70260620,70.68618774
462.70260620,70.68618774
482.84362793,1080.39331055
482.00839233,1032.35815430
479.22454834,884.39251709
479.22454834,884.39251709
464.34567261,124.57451630
482.94540405,1054.19799805
483.21850586,1051.57019043
482.74218750,1024.37072754
479.98294067,860.45605469
480.43304443,879.40447998
463.04183960,0.76682597
465.25137329,100.92897034
484.53033447,1057.96032715
484.53033447,1057.96032715
483.85458374,1022.47131348
479.95013428,818.72625732
479.95013428,818.72625732
481.12936401,873.42962646
464.44506836,27.48361397
480.36520386,805.97247314
499.33666992,1745.33178711
467.10342407,102.03102112
492.78942871,1381.92138672
492.99569702,1378.95080566
482.20684814,837.29193115
482.89001465,851.59582520
487.04559326,1054.34045410
482.47662354,825.02124023
466.58334351,21.02121735
466.34832764,1.05656004
486.78570557,1023.63958740
482.55453491,803.89807129
482.55453491,803.89807129
482.88650513,813.62921143
482.88650513,813.62921143
484.82058716,901.40039062
487.70239258,1042.14758301
494.47433472,1376.98999023
494.56439209,1376.87438965
467.87203979,32.63801575
484.08151245,833.81915283
487.26663208,987.31127930
487.26663208,987.31127930
489.02130127,1064.18493652
488.30218506,1007.91009521
484.96548462,823.33032227
489.67642212,1055.80017090
488.14086914,966.21136475
486.99804688,899.48028564
486.99804688,899.48028564
469.05453491,1.22537529
490.05566406,1044.82800293
470.43920898,56.71161652
470.43920898,56.71161652
487.40646362,900.52539062
487.99340820,927.00891113
487.99340820,927.00891113
503.08312988,1670.25415039
489.84008789,1006.24560547
489.84008789,1006.24560547
486.46633911,836.49420166
487.41000366,880.78094482
489.86398315,1001.23559570
491.44796753,1067.65173340
488.47692871,908.13427734
487.62689209,861.12854004
487.96166992,875.16973877
488.17840576,884.57550049
472.10546875,78.00061035
490.60406494,987.05981445
498.74346924,1390.05773926
492.60739136,1076.03173828
473.42953491,114.08340454
489.25097656,891.72534180
492.91760254,1064.50378418
490.01181030,917.26293945
487.22586060,778.77642822
492.53121948,1036.86791992
492.53121948,1036.86791992
473.60614014,72.83699036
495.34472656,1147.94506836
487.34411621,746.50231934
488.94512939,814.31347656
488.94512939,814.31347656
488.01864624,767.98266602
488.01864624,767.98266602
488.04187012,762.15954590
491.12457275,909.32696533
491.12457275,909.32696533
492.89627075,992.25842285
488.39221191,750.63299561
494.62005615,1055.40795898
494.62005615,1055.40795898
490.17761230,833.03320312
488.77609253,758.39605713
475.33947754,91.06074524
488.32006836,730.54095459
488.12591553,719.45227051
493.59683228,988.01770020
493.59683228,988.01770020
487.74072266,694.85498047
487.74072266,694.85498047
473.91378784,2.84388232
487.69131470,684.96612549
491.34921265,863.21734619
491.34921265,863.21734619
488.17532349,699.36041260
495.78509521,1075.27587891
495.78509521,1075.27587891
475.78317261,80.41177368
474.56967163,17.19041634
474.56967163,17.19041634
489.55920410,747.29718018
475.06835938,28.83615112
487.86557007,657.15844727
490.15808105,769.01647949
494.69287109,991.38940430
488.17034912,661.77655029
502.93051147,1385.28845215
492.64608765,875.94964600
488.05368042,641.46313477
493.01608276,882.36151123
476.22445679,45.51003265
477.26718140,91.01788330
477.26718140,91.01788330
475.79946899,12.46191883
496.55499268,1020.28601074
476.23934937,0.82463157
490.68438721,714.30529785
490.68438721,714.30529785
496.08010864,980.42956543
504.03588867,1368.57580566
489.64889526,656.49938965
490.65521240,697.72760010
490.65521240,697.72760010
504.74053955,1388.94873047
504.74053955,1388.94873047
492.57479858,769.88208008
479.05151367,93.90445709
499.66790771,1102.86975098
477.92700195,12.87437344
478.43374634,31.83052826
499.27496338,1058.23339844
497.34246826,960.61328125
495.07727051,848.87188721
497.25054932,946.69018555
491.36215210,650.26184082
494.90023804,818.50280762
501.30072021,1119.68884277
479.02926636,17.82744408
479.02926636,17.82744408
492.48233032,679.68579102
492.48233032,679.68579102
500.89929199,1085.18896484
491.96270752,642.66156006
491.96270752,642.66156006
493.31524658,699.03717041
492.72683716,667.43859863
494.07995605,733.90258789
501.86071777,1102.84118652
500.51159668,1025.39819336
496.02578735,804.16180420
497.76446533,886.38696289
500.61224365,1025.45129395
500.97006226,1041.65283203
497.75054932,876.42242432
496.78775024,825.96173096
494.70855713,721.04351807
500.71655273,1013.78820801
497.48928833,849.15917969
498.59457397,900.97399902
494.03540039,672.35571289
494.03540039,672.35571289
502.48785400,1077.10388184
502.12066650,1057.31909180
498.05081177,842.24920654
502.41085815,1050.49243164
496.93591309,780.15472412
501.25671387,976.98284912
500.56192017,939.04449463
503.30654907,1061.27050781
496.95391846,748.55517578
482.69207764,47.54362869
495.69223022,681.73883057
497.83248901,771.52618408
500.63723755,901.21014404
500.63723755,901.21014404
500.23513794,879.03009033
496.87890625,712.86492920
498.19021606,771.27832031
499.65136719,839.29400635
493.22463989,523.38317871
502.13253784,946.75073242
497.97863770,742.29870605
497.97863770,742.29870605
503.09689331,985.18304443
502.06179810,930.89862061
498.99078369,774.76611328
504.49105835,1040.08813477
503.79028320,997.54882812
503.79028320,997.54882812
504.42562866,1023.95410156
502.32937622,918.50451660
483.74005127,1.12573230
491.04080200,356.14648438
503.63882446,955.61907959
503.78115845,960.07232666
504.95898438,1017.27593994
491.24777222,344.17083740
495.24069214,537.26379395
498.27706909,680.67523193
500.73693848,799.96453857
504.58001709,987.30957031
504.58001709,987.30957031
502.78906250,899.15679932
504.62185669,983.15795898
498.23260498,668.17987061
496.80340576,594.24749756
523.25146484,1886.39501953
495.81381226,540.51257324
495.81381226,540.51257324
496.93518066,594.59545898
492.08633423,355.47625732
499.51617432,715.29925537
502.47058105,859.24383545
498.96844482,685.95568848
495.65451050,523.88970947
503.01660156,878.41357422
486.03302002,47.97081375
504.86276245,967.58569336
506.25195312,1023.98254395
497.73086548,603.63531494
495.29052734,481.44326782
495.81961060,507.03872681
494.01422119,416.86404419
498.09790039,608.68420410
498.09790039,608.68420410
505.22512817,953.31512451
506.49914551,1011.32470703
505.21743774,945.03906250
493.13037109,354.34371948
498.23889160,600.18994141
500.67034912,711.17187500
502.09402466,775.83508301
502.35250854,779.46081543
493.51919556,347.99670410
499.08551025,616.18609619
501.82608032,732.91937256
497.98013306,544.81689453
497.98013306,544.81689453
487.32824707,25.54836464
502.14630127,747.83111572
503.99005127,836.42150879
493.07553101,301.65100098
493.93347168,341.74206543
496.24441528,448.10971069
499.03103638,582.65209961
498.64309692,562.43719482
500.29473877,642.06146240
495.10018921,383.03997803
506.15396118,921.11669922
506.12301636,917.18963623
497.36080933,484.66033936
493.05844116,274.83261108
503.79833984,796.27020264
504.33950806,819.56030273
504.11779785,808.39581299
494.96276855,362.25234985
500.11956787,610.70184326
487.65945435,2.71617126
506.17950439,902.30651855
499.57504272,578.08502197
506.52069092,912.18579102
498.96264648,542.55670166
497.27639771,458.66348267
506.21215820,893.08251953
506.16500854,889.17077637
494.02572632,295.76504517
496.77047729,427.58865356
506.18630981,885.75445557
506.16128540,881.31378174
493.26605225,242.82435608
493.19949341,236.98683167
496.35128784,388.88369751
496.35128784,388.88369751
502.71444702,696.74810791
492.88656616,210.19096375
496.13018799,361.33175659
497.35333252,420.19021606
503.02062988,692.00756836
489.70864868,41.31048965
503.13378906,688.31292725
501.66342163,616.47436523
504.41781616,749.29962158
494.28274536,255.42503357
506.97668457,867.29656982
506.83779907,860.09429932
489.78536987,27.14760971
493.82257080,221.23353577
494.26876831,242.87144470
499.88394165,513.79956055
500.96420288,559.57189941
497.59735107,383.85659790
495.39480591,275.42779541
494.05648804,206.77992249
499.23690796,457.19149780
497.18518066,344.25939941
497.18518066,344.25939941
501.55264282,555.21240234
497.84158325,372.05441284
495.68109131,266.86865234
502.60964966,602.11627197
502.60964966,602.11627197
507.15802002,822.77905273
507.21316528,816.32562256
506.17895508,759.18212891
504.16720581,660.92614746
497.98852539,355.33389282
507.06643677,789.45532227
495.26626587,212.10609436
506.17947388,741.35113525
496.79461670,284.31988525
496.79461670,284.31988525
504.99697876,677.43048096
499.12594604,391.19589233
503.31176758,589.20269775
491.75585938,26.07008553
497.21737671,289.90368652
512.86828613,1048.26623535
503.41714478,589.37396240
497.25018311,290.32543945
499.00305176,371.09347534
512.89031982,1041.32543945
504.19952393,607.51922607
500.19110107,412.32852173
500.19110107,412.32852173
504.50692749,614.52337646
504.50692749,614.52337646
513.19897461,1033.12561035
501.21090698,452.03414917
500.82189941,431.59841919
507.43341064,746.43151855
494.27832031,108.64074707
506.87863159,718.54852295
501.87316895,474.08605957
500.42660522,401.82119751
499.47180176,352.92657471
499.66195679,361.72296143
504.30767822,583.15344238
501.01571655,418.96032715
507.84399414,738.37274170
503.04565430,504.60086060
508.04269409,741.29412842
500.55639648,371.55377197
499.47457886,315.85333252
498.82864380,277.76547241
515.47900391,1080.64990234
498.77020264,269.90835571
505.88226318,612.73229980
506.75341797,648.21697998
509.15811157,760.64324951
499.64575195,299.69287109
509.15432739,754.49359131
509.15432739,754.49359131
509.04785156,748.90521240
513.93218994,983.94677734
499.63449097,291.10589600
513.75170898,972.07092285
507.74722290,679.39123535
507.74722290,679.39123535
509.15771484,742.46179199
509.15771484,742.46179199
513.84533691,966.20324707
509.06973267,734.53881836
495.58276367,81.70402527
506.70709229,616.14685059
508.45285034,698.19317627
508.45285034,698.19317627
501.46307373,359.36267090
508.89968872,718.41247559
508.89968872,718.41247559
515.99877930,1059.10498047
503.05166626,433.56518555
502.65557861,414.12304688
494.12542725,0.68522578
513.96166992,954.97686768
501.14886475,331.64398193
494.97821045,25.96560860
503.99234009,461.16549683
516.26574707,1051.00170898
517.16363525,1091.27832031
499.64251709,245.31506348
509.56912231,722.20318604
507.15112305,603.62066650
508.49813843,667.27239990
517.09295654,1079.82714844
500.19546509,263.57189941
499.56024170,231.71160889
516.30041504,1038.12585449
507.93344116,633.19433594
498.83828735,190.93365479
510.11676025,731.96765137
505.89486694,526.04553223
516.19494629,1016.82214355
506.08996582,521.59344482
509.97277832,704.08959961
503.28771973,380.27578735
499.08624268,176.65768433
506.75726318,535.48773193
501.46975708,279.17398071
501.46975708,279.17398071
503.15121460,358.94412231
505.62664795,478.09130859
503.98410034,398.51980591
509.18066406,648.42547607
506.90786743,538.54089355
517.74383545,1058.64392090
517.14630127,1026.26538086
516.79882812,1008.98791504
504.92315674,434.57318115
510.02572632,679.19989014
503.95343018,385.71942139
503.32336426,353.81903076
501.22076416,252.08047485
518.70416260,1087.79675293
518.70416260,1087.79675293
502.40570068,301.17379761
502.96469116,322.20986938
506.97021484,511.39431763
504.02902222,368.08883667
502.89776611,312.69458008
509.16479492,611.87286377
510.72854614,685.25708008
506.30059814,471.89346313
518.33776855,1048.77661133
518.33776855,1048.77661133
517.32928467,999.43884277
509.17599487,606.31402588
509.10144043,601.76239014
518.02716064,1028.26147461
519.22802734,1084.13415527
517.25250244,987.97869873
519.16717529,1079.90429688
514.93530273,873.82751465
499.93020630,148.90716553
517.87695312,1006.02117920
510.66802979,658.28204346
502.21865845,248.69982910
503.08071899,287.36437988
503.08071899,287.36437988
517.45056152,978.32098389
498.77120972,77.13351440
506.00540161,422.82238770
506.64544678,452.90979004
506.64544678,452.90979004
510.08670044,614.22631836
510.08670044,614.22631836
505.29934692,383.21768188
505.29934692,383.21768188
500.72012329,159.06648254
512.41363525,721.38177490
510.61553955,634.63897705
505.29232788,366.63241577
517.62426758,955.96704102
509.08319092,538.28649902
509.08319092,538.28649902
512.00769043,677.64416504
509.75491333,568.86096191
507.89294434,477.93255615
517.74169922,946.29205322
519.81701660,1045.94848633
519.81701660,1045.94848633
519.84759521,1045.94885254
519.84759521,1045.94885254
518.57360840,984.66564941
510.94622803,617.81713867
507.22119141,438.02621460
510.41802979,589.94049072
515.48333740,832.57751465
503.46813965,253.78656006
517.82092285,934.93737793
509.49597168,534.16406250
498.46444702,1.24383390
504.77590942,302.63739014
511.23641968,606.53637695
504.23519897,268.41918945
520.19348145,1032.33203125
500.75106812,95.91345978
519.75677490,1000.08679199
512.40277100,644.87243652
503.92700195,236.49606323
512.74047852,657.52716064
520.16967773,1011.19512939
502.65145874,168.09199524
502.29336548,149.99496460
514.05389404,714.38269043
499.12054443,-2.90333557
521.06213379,1048.09716797
521.94067383,1089.36938477
522.11071777,1092.94067383
506.58093262,342.51712036
520.08026123,989.26562500
520.08026123,989.26562500
502.84548950,160.80352783
502.84548950,160.80352783
509.34091187,470.92517090
511.10614014,553.41979980
503.72369385,197.78915405
506.96398926,352.69818115
520.02020264,978.76885986
504.92373657,250.05451965
504.92373657,250.05451965
520.30285645,984.13677979
520.30285645,984.13677979
501.70953369,89.66268921
501.70953369,89.66268921
506.23373413,302.94104004
512.25622559,591.71850586
509.07666016,438.99240112
506.17315674,299.36099243
511.04782104,532.49169922
512.96240234,624.19335938
509.38436890,451.77621460
523.20361328,1108.28710938
508.19506836,386.96148682
521.34521484,1014.30700684
511.11416626,520.54241943
518.51660156,873.20837402
514.52197266,680.08270264
511.10501099,511.90097046
511.11645508,511.78329468
520.73742676,968.46142578
512.64208984,578.14428711
505.62445068,241.46801758
505.98019409,256.82843018
505.98019409,256.82843018
512.51782227,569.01220703
507.92074585,347.18258667
504.87487793,192.89379883
513.40673828,600.60754395
509.97943115,436.22412109
510.86605835,476.68228149
507.04510498,290.16757202
508.13235474,340.73324585
516.74060059,749.85620117
502.11499023,44.73540878
512.71893311,550.85748291
504.76849365,168.81413269
520.84375000,936.20013428
520.84375000,936.20013428
506.26037598,237.76200867
520.48547363,915.16918945
514.27355957,616.98669434
508.15832520,323.94296265
508.15832520,323.94296265
516.95349121,744.93463135
504.04165649,124.57493591
524.50634766,1100.60949707
522.46429443,1000.43688965
522.46429443,1000.43688965
515.09259033,645.04876709
515.47595215,663.20697021
510.82669067,439.77755737
510.97460938,446.31774902
510.13708496,403.42193604
510.13708496,403.42193604
507.29299927,266.38424683
522.30761719,979.56829834
506.18270874,207.71737671
522.15399170,971.64465332
517.17541504,731.98968506
514.95190430,624.82348633
510.69552612,419.98309326
523.15142822,1012.62591553
524.95019531,1096.36767578
522.63696289,984.75317383
524.08502197,1052.48095703
524.08502197,1052.48095703
504.34155273,106.55792236
509.33377075,344.52502441
502.18359375,1.43188584
523.08056641,996.74871826
520.52124023,872.94738770
509.14596558,328.85208130
512.99603271,511.76239014
506.82092285,213.63226318
513.32568359,520.93920898
505.73876953,146.33995056
508.24301147,262.86166382
508.24301147,262.86166382
524.12030029,1020.22711182
512.10791016,445.56500244
509.01171875,296.68215942
517.84814453,717.15789795
514.73370361,565.01373291
513.96032715,525.94787598
524.55316162,1031.94201660
518.54620361,744.93066406
512.16931152,439.29568481
525.11523438,1054.49462891
510.79672241,368.55487061
523.83557129,989.91259766
523.83557129,989.91259766
513.15209961,477.32153320
524.16204834,999.17108154
503.80932617,24.01593971
525.29833984,1050.19506836
512.88549805,456.25366211
523.56866455,958.62274170
512.66094971,434.85559082
507.30490112,172.94274902
518.85552979,722.94665527
519.62042236,758.86401367
512.39660645,413.76013184
518.91558838,722.95513916
519.16943359,733.70678711
522.13482666,871.33764648
523.43395996,931.52294922
507.32333374,162.38217163
524.50567627,978.23565674
517.69366455,652.08074951
525.31268311,1012.48669434
508.18487549,195.22517395
511.11105347,334.54348755
518.43188477,683.77148438
512.63061523,403.75625610
527.36523438,1106.50512695
513.88665771,462.57287598
510.06195068,279.30059814
512.50201416,394.09735107
508.76083374,211.11428833
518.43652344,666.23474121
520.29321289,752.45129395
513.93334961,446.36138916
527.76757812,1097.87695312
517.87139893,624.71697998
520.42834473,743.49688721
512.07073975,339.60247803
510.72451782,274.74438477
514.05041504,430.68630981
506.10443115,50.10121155
520.22961426,721.57562256
511.88046265,321.42987061
515.42871094,488.58013916
515.92980957,512.35742188
514.01586914,420.24560547
509.90853882,222.26437378
508.35977173,145.57855225
510.31399536,238.29446411
523.67230225,869.36889648
514.13092041,414.78054810
510.64138794,247.41712952
529.04699707,1119.56213379
511.38311768,278.27035522
529.03759766,1114.00927734
529.03607178,1109.13696289
528.95568848,1102.28918457
528.95568848,1102.28918457
528.02252197,1055.37170410
527.33959961,1021.38793945
518.02081299,576.73248291
518.84442139,614.07507324
510.93148804,236.62255859
529.06103516,1098.44665527
529.06103516,1098.44665527
520.67175293,691.79400635
520.12915039,665.66632080
529.11157227,1092.76525879
518.84686279,602.03173828
515.12823486,422.02532959
509.93618774,174.60731506
529.01983643,1081.89770508
514.52093506,391.82751465
514.52093506,391.82751465
528.13507080,1039.29052734
521.67614746,726.56738281
514.93249512,403.64004517
527.88220215,1014.33691406
527.67236328,1000.90722656
514.72937012,384.30636597
527.96472168,1010.33319092
514.04217529,348.19586182
522.35461426,742.17297363
512.00793457,244.90199280
530.10089111,1103.94042969
510.47326660,169.62890625
513.08288574,293.40121460
513.08288574,293.40121460
530.10479736,1101.30895996
520.03961182,622.21112061
522.08392334,712.86395264
508.73651123,65.69731903
514.54284668,340.61630249
514.37988281,332.16717529
529.08459473,1030.24096680
513.94268799,304.53543091
527.66290283,955.35083008
523.04913330,734.41094971
529.05084229,1013.58947754
520.17590332,583.12927246
530.10113525,1053.88354492
530.08367920,1050.27563477
522.18054199,674.25677490
514.82061768,323.89801025
514.82061768,323.89801025
517.01617432,415.46524048
521.34399414,620.26831055
529.09289551,987.00860596
528.74560547,969.10955811
511.88784790,167.42791748
510.00473022,77.40536499
515.82183838,349.19314575
529.60766602,999.04626465
523.10565186,689.73889160
523.10565186,689.73889160
512.28961182,176.02854919
528.86145020,959.55615234
524.54705811,748.73388672
528.75469971,947.44055176
516.30059814,354.86032104
519.79077148,519.88897705
520.28668213,538.48608398
515.95593262,330.94042969
531.88159180,1081.27893066
515.41326904,299.49844360
530.03192139,991.59619141
512.24713135,147.66380310
512.24713135,147.66380310
515.34924316,292.48171997
516.93737793,365.79821777
524.94958496,744.06719971
524.27508545,711.70416260
529.99908447,981.66015625
517.62829590,392.15777588
516.10150146,315.04257202
515.28875732,275.90670776
515.28875732,275.90670776
525.04058838,736.41516113
530.14965820,976.12255859
530.14965820,976.12255859
513.06445312,164.15774536
513.06445312,164.15774536
517.54754639,373.46926880
528.83666992,899.24890137
522.32086182,589.94183350
517.22497559,348.25692749
515.76336670,270.05398560
522.46539307,585.08343506
531.13018799,992.91595459
531.13018799,992.91595459
530.12091064,941.87921143
517.23553467,324.24099731
517.49926758,332.34097290
517.20471191,309.46713257
522.99725342,573.19635010
530.05694580,903.31121826
521.97900391,515.59094238
526.95355225,750.12390137
526.87377930,744.19366455
523.75860596,595.80847168
517.85937500,316.62023926
525.50598145,672.88134766
531.52874756,955.65545654
530.07672119,878.83917236
524.96026611,631.17767334
514.11425781,117.88906097
531.71044922,944.19982910
523.00811768,526.34216309
518.01818848,289.29278564
518.01818848,289.29278564
527.96734619,752.92047119
515.59222412,163.89068604
518.10351562,279.12936401
531.13793945,894.11431885
528.15087891,749.06042480
525.14697266,606.38275146
522.51800537,471.42102051
531.16497803,878.07037354
531.20812988,873.38604736
525.49938965,597.74304199
528.82171631,746.32556152
525.99731445,612.63519287
515.88140869,126.61699677
516.87493896,169.67900085
519.53479004,288.90191650
519.53479004,288.90191650
528.07879639,680.06933594
530.01885986,770.06768799
526.81042480,605.73834229
516.55944824,115.89309692
530.76824951,778.28405762
525.18383789,486.84280396
519.01068115,188.59106445
528.23815918,619.95324707
531.80090332,785.73516846
516.51214600,65.94229889
518.68823242,163.79922485
523.94793701,398.62893677
528.65820312,616.28778076
528.65820312,616.28778076
518.38177490,129.82791138
528.48614502,602.39520264
519.36663818,171.91574097
532.43255615,782.84027100
516.00384521,0.73058397
526.09637451,474.42962646
532.44970703,771.47296143
532.46679688,771.53442383
532.19488525,758.01165771
520.42352295,202.41270447
518.08996582,89.41362762
519.23150635,141.77821350
527.48406982,520.30487061
521.16302490,213.01274109
526.64837646,465.07809448
517.40020752,30.15167427
530.05578613,620.72973633
520.19915771,150.32138062
520.19915771,150.32138062
530.17291260,617.25299072
519.67913818,118.13246155
532.76135254,728.17553711
532.91131592,733.42218018
532.91131592,733.42218018
520.25183105,136.72279358
533.86053467,770.27355957
534.33996582,788.76226807
517.96417236,19.55604553
521.45428467,180.77467346
534.37426758,782.77087402
534.08355713,767.49194336
531.06384277,615.88323975
531.06048584,611.32092285
522.68756104,214.35723877
521.63543701,156.97399902
527.94860840,444.80053711
535.34075928,790.79510498
535.12677002,765.87420654
524.23291016,253.62905884
530.63787842,553.40393066
535.74053955,786.84289551
529.15802002,477.35787964
532.13922119,615.16522217
521.93542480,123.75347137
529.96771240,499.34542847
529.96771240,499.34542847
519.44012451,1.01167321
534.49713135,703.89276123
536.14154053,777.47857666
521.01647949,49.56767654
531.37316895,532.29272461
530.85021973,506.73934937
526.32818604,293.54415894
520.86303711,32.24531555
526.77313232,304.15164185
526.77313232,304.15164185
524.21618652,182.54531860
536.95690918,775.48742676
522.44836426,94.70951843
525.19061279,211.30845642
537.60424805,791.53430176
530.43994141,453.42175293
531.30737305,485.75054932
534.41369629,626.41088867
533.05676270,562.06579590
521.18078613,3.02871823
537.96728516,787.27581787
528.16387939,327.04125977
537.96655273,773.79370117
538.12890625,778.44604492
528.18963623,303.31195068
528.00976562,293.47576904
532.97650146,522.02612305
532.47711182,493.18032837
522.75030518,37.84021759
528.38299561,299.09225464
535.92346191,640.82641602
522.73339844,21.97508430
527.87634277,257.56411743
536.02264404,635.58050537
532.65673828,467.05523682
534.18682861,534.84265137
539.71881104,792.06109619
534.68890381,546.98120117
538.56774902,718.20794678
526.93585205,175.23181152
534.58551025,527.66955566
533.21539307,454.93347168
540.32629395,781.14086914
536.15820312,573.48144531
540.93310547,795.71240234
535.29034424,521.70373535
541.04541016,787.26763916
560.07281494,1664.84497070
524.49963379,6.65088034
540.20013428,732.62054443
532.46484375,362.66784668
535.54345703,493.05126953
531.31976318,293.03277588
542.24365234,799.50915527
530.30249023,241.43901062
539.78875732,681.34564209
539.04473877,646.58233643
537.33862305,566.66992188
539.46270752,663.10076904
539.46270752,663.10076904
542.12384033,785.72668457
532.20544434,320.49569702
537.26409912,555.16394043
542.42968750,795.14233398
535.53924561,457.47650146
564.52294922,1796.18859863
539.92553711,652.75384521
548.92370605,1068.05847168
543.54693604,809.13366699
527.70532227,65.54637146
531.41632080,235.77383423
542.67443848,748.13305664
544.23803711,805.23901367
527.81311035,41.75564575
527.86468506,34.26091385
544.29241943,795.89654541
542.25115967,692.25878906
531.16455078,168.88088989
544.92889404,802.05401611
536.81665039,425.46328735
533.59191895,269.58703613
535.13549805,338.18023682
529.48779297,54.06168365
528.91882324,25.45914078
530.16619873,67.43154907
544.92315674,748.58227539
559.62280273,1428.67663574
543.76934814,671.58782959
543.76934814,671.58782959
536.74365234,343.16259766
546.18939209,779.35015869
546.18939209,779.35015869
546.84570312,807.81610107
544.07189941,675.82806396
548.11901855,848.93756104
552.67877197,1051.65722656
542.93670654,587.36425781
538.35980225,370.10650635
545.22259521,681.09613037
531.07513428,24.60086441
536.10687256,256.83322144
537.60150146,319.18908691
548.45190430,807.59759521
546.82012939,723.99804688
531.16473389,0.51941627
546.71643066,716.41363525
546.01440430,677.93139648
545.73583984,661.13568115
549.08624268,814.56768799
547.61218262,737.39892578
549.17456055,796.60821533
539.04882812,329.35287476
539.76513672,355.69467163
548.45806885,750.28149414
545.23620605,595.99804688
550.13745117,817.77600098
548.17010498,721.67871094
548.38330078,726.83941650
548.04217529,692.37939453
548.04217529,692.37939453
551.19067383,820.99670410
533.46704102,3.59122157
541.10687256,352.53729248
551.31561279,821.15838623
540.92236328,317.39678955
549.08868408,688.98547363
549.77081299,709.45117188
551.00543213,762.40856934
542.42095947,366.83078003
552.84185791,841.45672607
541.97521973,326.68380737
541.97521973,326.68380737
550.08306885,687.16058350
550.08306885,687.16058350
538.65527344,159.32359314
553.47460938,832.51605225
550.02703857,673.05651855
550.11572266,676.14562988
535.29394531,-5.05395889
554.07867432,845.94281006
551.23834229,714.81707764
549.02581787,606.49304199
552.57696533,752.97082520
554.06640625,821.17919922
554.06640625,821.17919922
543.47198486,334.35134888
543.10284424,302.67730713
554.78662109,836.64111328
554.71783447,831.05688477
551.46173096,670.94390869
555.22644043,842.29888916
561.45819092,1116.08068848
553.21575928,735.78509521
553.21575928,735.78509521
556.02966309,839.86016846
553.39086914,713.34417725
561.42376709,1062.67163086
545.68420410,335.27407837
555.18121338,767.05487061
555.18121338,767.05487061
563.23614502,1133.35070801
561.66540527,1047.58374023
540.30169678,70.15313721
554.99218750,734.29827881
554.89080811,720.66290283
553.91149902,672.09246826
547.27716064,366.87722778
541.34210205,94.41487885
552.09967041,583.08514404
560.86370850,983.55670166
552.83477783,606.57543945
560.53741455,952.57037354
556.12744141,747.55310059
556.12744141,747.55310059
556.91754150,780.66577148
539.98535156,1.82574260
560.36145020,931.96545410
552.28485107,557.89459229
556.09381104,729.67382812
564.67291260,1118.91735840
560.97119141,943.30236816
554.83410645,662.53784180
554.83410645,662.53784180
556.00494385,714.76177979
564.12109375,1083.34851074
548.38177490,349.83850098
549.10131836,379.44018555
558.10412598,775.33728027
558.10412598,775.33728027
563.78924561,1029.57031250
564.13659668,1043.79174805
558.65295410,793.04602051
550.06671143,395.03845215
550.24841309,401.66061401
557.46588135,726.87042236
557.46588135,726.87042236
560.34881592,855.91766357
566.10192871,1116.26196289
562.60449219,953.54589844
562.23620605,936.38336182
560.51538086,848.76977539
572.38043213,1386.90051270
562.14111328,917.03912354
562.14111328,917.03912354
549.37713623,332.30584717
550.66064453,390.38684082
564.50799561,1016.03930664
558.56896973,743.66870117
557.44036865,676.15802002
557.48791504,676.29638672
558.81683350,734.39971924
560.16259766,792.00292969
566.74005127,1084.28649902
562.79418945,899.65368652
558.93395996,722.55816650
559.73571777,756.86645508
564.08654785,948.83813477
552.81854248,429.91534424
548.40625000,220.95173645
548.47064209,220.96762085
562.10144043,838.99426270
561.87438965,824.71624756
565.36761475,983.37957764
553.28259277,427.90618896
553.28259277,427.90618896
559.94744873,730.21893311
561.83953857,815.66986084
561.83953857,815.66986084
543.99127197,2.03638577
568.12542725,1099.43664551
562.30633545,828.64758301
568.17639160,1094.48706055
566.59088135,1018.92913818
565.95794678,986.68530273
560.01580811,715.07452393
551.76000977,334.75238037
550.39776611,271.83993530
551.35430908,314.40789795
567.03356934,1026.06188965
548.09460449,165.29067993
568.28100586,1081.75183105
560.14617920,705.54016113
554.18566895,432.34411621
554.49475098,445.07659912
547.91186523,125.50860596
569.04846191,1084.49853516
564.13354492,859.62188721
559.74084473,659.28173828
566.12121582,936.39349365
568.06347656,1024.32861328
559.41223145,631.15069580
560.88861084,688.76770020
554.04479980,374.32635498
555.23138428,421.86575317
559.75067139,625.25701904
564.93157959,857.30712891
565.40344238,868.83929443
561.74957275,699.98046875
569.10974121,1028.18273926
569.10974121,1028.18273926
570.85498047,1107.30041504
560.58630371,638.72937012
554.63269043,366.00375366
560.49407959,628.82440186
566.27288818,888.39660645
564.65740967,812.93048096
564.65740967,812.93048096
565.53643799,848.97821045
563.48516846,755.20330811
570.90533447,1086.96936035
570.19396973,1048.49096680
567.95666504,946.74505615
548.18420410,44.37867737
570.30377197,1043.30712891
571.13958740,1079.83996582
567.58184814,913.96557617
564.07324219,751.75183105
572.33068848,1119.76818848
571.90985107,1099.98181152
566.95617676,874.72973633
560.83172607,596.38226318
560.32073975,571.66308594
560.16418457,561.67364502
572.22839355,1104.49060059
565.44842529,795.95373535
563.02893066,682.15856934
563.02893066,682.15856934
557.68347168,434.49938965
570.79241943,1026.89587402
570.79241943,1026.89587402
570.98645020,1034.54614258
569.64556885,973.38708496
569.05902100,945.52362061
569.44042969,961.23242188
569.44042969,961.23242188
569.78839111,976.67053223
569.78839111,976.67053223
572.07269287,1078.42468262
562.03021240,623.63568115
568.25561523,903.81854248
570.06927490,983.20666504
566.48138428,817.75128174
566.48138428,817.75128174
566.48138428,817.75128174
567.61560059,868.72753906
556.63519287,369.61734009
566.56048584,813.33905029
560.26617432,524.80364990
570.13153076,965.90093994
568.19653320,874.43231201
560.16821289,510.30444336
571.53692627,1023.32141113
558.36083984,426.32113647
560.40350342,517.70599365
565.85205078,756.67687988
565.85205078,756.67687988
564.84381104,709.45349121
556.92578125,351.34875488
570.34283447,952.64752197
569.99981689,936.24395752
569.99981689,936.24395752
552.98486328,164.92160034
572.44152832,1043.22302246
566.94256592,794.39062500
569.69329834,918.15002441
570.02148438,932.88989258
569.88977051,926.43322754
572.30645752,1034.40832520
570.13146973,929.64715576
560.49554443,491.55795288
570.66156006,948.94183350
570.99090576,963.57110596
570.99090576,963.57110596
557.73065186,361.58419800
567.23071289,782.18615723
570.76715088,941.87329102
554.10839844,180.97882080
566.10150146,720.45092773
571.98602295,983.73260498
574.67596436,1104.41186523
565.18981934,669.01202393
553.21197510,126.16941071
563.81884766,604.81768799
563.81884766,604.81768799
571.11511230,932.13195801
568.10290527,795.24371338
568.17431641,798.17034912
568.21331787,798.21838379
568.21331787,798.21838379
569.20855713,841.23657227
564.21862793,614.40667725
564.65863037,630.50549316
572.22442627,969.31835938
572.02197266,957.05517578
559.76354980,400.98712158
575.97491455,1131.38464355
571.21002197,914.44470215
572.11529541,953.67822266
571.51281738,924.14013672
573.95727539,1033.33007812
563.76489258,573.40179443
574.99218750,1079.66296387
574.99218750,1079.66296387
573.91119385,1028.63525391
573.27191162,998.94158936
560.88140869,436.63842773
572.92169189,975.46411133
558.71655273,332.85952759
575.76135254,1101.18896484
575.76135254,1101.18896484
554.90051270,158.29109192
559.22515869,352.89831543
572.03717041,929.66918945
568.73675537,780.75537109
573.20635986,981.86834717
571.02062988,882.18981934
566.85559082,692.85144043
563.02679443,519.21405029
570.02508545,829.41436768
562.86877441,506.45617676
558.89453125,326.39996338
560.98742676,413.83920288
560.88159180,408.32159424
571.89556885,903.21447754
571.89556885,903.21447754
572.80383301,943.38171387
571.02252197,862.34088135
576.09552002,1090.26904297
571.22357178,867.13055420
562.86828613,490.16162109
562.81945801,474.67541504
562.81945801,474.67541504
566.68048096,646.83081055
570.13983154,800.68072510
566.07208252,615.86230469
573.80139160,961.36962891
573.64282227,952.75158691
575.40270996,1027.30847168
576.87921143,1092.21081543
570.65631104,811.84313965
570.65631104,811.84313965
560.95764160,373.89651489
576.93798828,1085.72619629
560.59991455,349.88125610
566.85021973,631.10540771
566.85021973,631.10540771
571.23657227,828.40679932
571.57177734,839.14855957
571.57177734,839.14855957
556.85131836,171.86703491
564.59826660,519.12841797
574.98547363,985.96520996
571.06628418,809.56622314
574.53552246,965.51873779
562.20666504,408.70510864
574.98999023,979.61999512
574.02386475,934.34460449
564.45935059,499.03152466
576.04479980,1019.28216553
576.17053223,1024.57580566
559.67651367,277.47482300
561.59002686,361.50762939
572.19219971,835.30065918
571.40795898,798.97943115
567.92974854,641.57617188
562.54595947,399.22503662
575.80255127,993.03009033
578.29785156,1102.81896973
560.31964111,294.50903320
562.09808350,371.40917969
559.74993896,265.08367920
564.74169922,488.86672974
575.28527832,961.10119629
562.43652344,379.95166016
570.24084473,730.20660400
572.09051514,812.39910889
572.09051514,812.39910889
575.05249023,943.19982910
576.51763916,1008.72021484
571.89874268,798.62054443
568.35577393,637.46624756
572.12451172,803.53448486
577.01904297,1021.54608154
577.01904297,1021.54608154
560.61120605,283.38549805
571.12207031,754.95977783
561.24133301,310.47933960
575.44573975,947.86773682
576.16162109,979.27325439
558.14160156,166.52311707
571.97705078,785.98767090
571.97705078,785.98767090
577.02319336,1012.44812012
571.75177002,774.68243408
572.00927734,786.08245850
572.00927734,786.08245850
560.28167725,258.20932007
574.62097168,901.74920654
569.02508545,647.44689941
573.10900879,830.85284424
575.98199463,957.85870361
575.98199463,957.85870361
559.54864502,219.14921570
579.08392334,1088.53369141
573.07116699,815.35980225
579.04919434,1081.20690918
578.16693115,1039.59558105
578.00134277,1031.85083008
570.16577148,674.24530029
575.00872803,889.33886719
575.00872803,889.33886719
568.87298584,612.63519287
574.07769775,845.51824951
571.08056641,710.10968018
569.63745117,642.54150391
563.18426514,349.22970581
577.53649902,992.52532959
578.20593262,1020.23394775
573.01263428,780.33001709
573.01263428,780.33001709
574.13800049,829.33288574
579.99371338,1090.03527832
573.89855957,813.35894775
564.74798584,397.52209473
576.10430908,902.93115234
562.23516846,280.90679932
562.58367920,295.22381592
576.04010010,892.82336426
572.95587158,754.09002686
577.02832031,936.37756348
560.26489258,183.92201233
575.11328125,848.30023193
565.86187744,429.68527222
565.86187744,429.68527222
559.97845459,165.93952942
560.04187012,166.29615784
577.50299072,948.39532471
567.50115967,493.98501587
578.98168945,1008.37841797
576.37048340,889.55401611
578.14361572,967.48718262
578.91015625,995.58508301
566.06115723,419.63293457
573.22930908,740.01708984
579.40014648,1013.02880859
580.01391602,1036.19653320
579.91131592,1031.40368652
579.91131592,1031.40368652
571.51074219,650.59667969
559.05883789,91.09833527
572.42572021,683.46667480
568.32128906,481.78161621
568.32128906,481.78161621
575.07696533,781.97637939
573.92352295,728.82507324
576.99353027,865.86029053
566.38275146,375.53347778
574.11712646,719.16094971
564.33935547,281.01605225
569.44104004,508.35260010
575.99774170,799.46142578
560.47338867,98.91623688
567.67205811,417.92098999
579.35736084,938.77246094
578.50836182,900.74981689
577.84124756,868.87463379
577.84124756,868.87463379
577.24890137,840.15917969
581.09484863,1011.19665527
576.65606689,812.47698975
566.40625000,349.71328735
567.21124268,384.80065918
562.81011963,183.09870911
570.07714844,504.35476685
570.07714844,504.35476685
576.85620117,806.24676514
578.03729248,854.00915527
561.17291260,92.23148346
568.12951660,399.95449829
583.59924316,1085.31384277
569.08599854,436.60931396
568.98919678,432.06622314
574.97497559,690.82672119
574.97497559,690.82672119
574.86688232,683.64617920
579.76593018,896.90124512
568.34356689,382.75036621
580.18676758,907.94110107
567.82977295,354.26229858
576.02581787,718.78991699
570.30963135,462.28613281
579.12738037,852.49108887
582.19769287,987.49884033
576.07373047,713.01892090
564.40972900,190.34152222
583.67047119,1045.80444336
571.55444336,502.98248291
582.36242676,982.98376465
576.13085938,699.73352051
582.36022949,976.70336914
579.87316895,864.85064697
579.87316895,864.85064697
579.05090332,812.52416992
569.39898682,379.53369141
569.39898682,379.53369141
563.11529541,91.59922028
584.45513916,1035.17687988
584.45513916,1035.17687988
576.09997559,661.98077393
570.32086182,401.30816650
578.20520020,746.05322266
567.78503418,278.65396118
570.01135254,374.57156372
577.24914551,691.71002197
573.20410156,509.68215942
577.90539551,718.66943359
577.98193359,718.25585938
580.04840088,809.15399170
581.13574219,854.29882812
576.42987061,643.12365723
584.22174072,987.79260254
583.97387695,974.87908936
582.19604492,895.22827148
578.16705322,712.63317871
572.61480713,463.37426758
574.06884766,523.38208008
577.28424072,657.73638916
571.86248779,416.20571899
577.48736572,665.89923096
581.30065918,830.57543945
581.79388428,848.01977539
572.97204590,448.48312378
579.19482422,720.88037109
574.59527588,505.40380859
574.59527588,505.40380859
577.66046143,636.09490967
583.12103271,877.38952637
579.34204102,697.52288818
572.12432861,373.61871338
574.10278320,459.92919922
574.10278320,459.92919922
579.37878418,693.50512695
569.33502197,242.56239319
569.33502197,242.56239319
582.96783447,848.05224609
583.34997559,858.63079834
574.14923096,446.15148926
570.63226318,289.67147827
569.78405762,251.94624329
573.84960938,431.57617188
568.95355225,212.88775635
578.78424072,641.70037842
569.43542480,220.12300110
575.01672363,466.46084595
583.57843018,844.71197510
588.11785889,1043.08752441
572.63238525,349.66629028
585.23529053,905.83172607
582.36920166,777.77355957
587.05926514,983.29815674
581.38562012,729.98352051
575.14318848,451.88534546
575.57977295,458.34353638
584.43249512,849.68383789
584.43249512,849.68383789
572.39453125,309.83670044
579.88378906,637.66491699
585.31561279,875.55291748
583.36444092,789.00024414
582.53918457,742.68939209
580.92053223,668.54699707
586.90954590,932.95849609
581.90582275,710.74450684
581.90582275,710.74450684
572.11120605,268.66262817
588.88287354,1011.36474609
588.68035889,994.30999756
574.76391602,375.94378662
581.18829346,658.84613037
577.98364258,513.95654297
572.83605957,284.49990845
577.69683838,499.27423096
574.43133545,348.07302856
591.04504395,1083.49255371
591.04504395,1083.49255371
578.02587891,503.74371338
585.80548096,847.66674805
571.88238525,228.00299072
588.99688721,977.58898926
591.83636475,1102.32275391
591.83636475,1102.32275391
586.02740479,841.07659912
587.19342041,892.06384277
579.15069580,534.35034180
579.15069580,534.35034180
586.03112793,836.27020264
591.09698486,1050.87719727
591.09698486,1050.87719727
580.11566162,560.75848389
590.63439941,1025.06933594
581.49438477,612.87579346
578.11468506,450.34790039
584.77166748,742.70092773
581.15319824,578.38427734
576.27130127,362.18731689
586.26239014,803.45477295
586.26239014,803.45477295
586.26239014,803.45477295
590.41485596,983.04602051
587.40979004,847.21978760
591.42700195,1021.04046631
577.73132324,414.87442017
575.13391113,299.21179199
593.02679443,1083.77673340
589.66241455,933.80603027
590.20166016,954.40899658
580.25128174,514.35253906
583.40551758,650.34149170
584.88598633,714.12701416
585.85772705,753.34014893
585.85772705,753.34014893
581.31744385,549.63586426
587.19903564,808.98248291
587.96856689,840.61901855
583.97308350,654.56542969
583.97308350,654.56542969
575.05322266,259.84359741
591.68280029,993.91705322
583.23229980,618.95043945
583.23229980,618.95043945
590.76782227,950.49621582
589.17016602,879.68267822
592.13848877,1008.19500732
583.93560791,645.94116211
587.14953613,780.84210205
585.47741699,704.00872803
585.48504639,703.94378662
580.30102539,474.57583618
579.04986572,414.90356445
594.73089600,1103.20800781
581.16156006,504.19094849
588.44073486,819.15222168
577.21337891,320.25308228
578.22753906,361.86645508
590.75976562,913.72265625
585.89721680,696.54797363
591.00726318,919.82995605
583.97174072,604.65228271
590.19909668,878.01513672
590.19909668,878.01513672
578.00195312,337.71411133
594.98767090,1085.46984863
579.88378906,418.65261841
573.96142578,157.27627563
586.55841064,712.00799561
592.31030273,965.41992188
583.60736084,580.17169189
581.79235840,499.80099487
581.79235840,499.80099487
590.17510986,865.20324707
588.92114258,807.86962891
586.03015137,673.43145752
593.59088135,1005.96990967
585.76104736,660.38055420
585.76104736,660.38055420
586.03057861,671.06262207
592.08239746,936.47729492
593.31329346,990.19494629
594.60443115,1046.26306152
585.59295654,645.48394775
585.21551514,626.33013916
583.95306396,570.30889893
587.06024170,707.21911621
591.29559326,889.29125977
592.46551514,940.45086670
580.09082031,393.18539429
580.09082031,393.18539429
591.02282715,872.16180420
591.11621094,875.68139648
585.68511963,634.83367920
592.92114258,950.59326172
596.04071045,1075.04357910
589.84155273,797.04571533
592.82617188,925.00195312
595.39440918,1036.99804688
596.41143799,1080.28552246
585.56896973,601.42279053
595.97357178,1058.69372559
576.04040527,177.93153381
597.17749023,1107.07580566
597.17791748,1107.07299805
590.35742188,806.45147705
587.94384766,697.31756592
595.87744141,1042.64575195
581.76147461,421.28659058
590.89276123,821.48449707
592.96142578,912.46392822
592.39941406,887.10479736
592.39941406,887.10479736
591.03588867,825.51373291
587.63934326,675.09710693
587.63934326,675.09710693
587.63934326,675.09710693
585.78491211,591.38812256
593.05767822,909.38659668
585.38031006,570.44024658
587.96008301,680.72216797
593.00982666,894.04168701
588.51239014,692.71020508
585.92761230,578.74041748
592.46972656,866.45574951
588.88446045,707.84490967
587.95831299,662.10198975
587.95831299,662.10198975
580.36206055,324.93414307
591.01959229,793.37438965
598.01037598,1094.91394043
577.36376953,185.53762817
598.04241943,1086.48181152
581.28253174,348.28372192
585.26184082,518.93463135
580.12811279,291.70495605
597.55883789,1057.10913086
597.41485596,1050.43615723
589.45355225,696.82354736
593.59362793,876.13946533
598.20800781,1077.94580078
597.14239502,1025.41943359
598.00354004,1054.05139160
587.17041016,570.97967529
584.19567871,440.22567749
583.88983154,423.67623901
583.88983154,423.67623901
590.40344238,706.43249512
578.81964111,193.00875854
590.07415771,685.05053711
589.18151855,640.78216553
589.88659668,668.86614990
580.98266602,277.79949951
586.22930908,505.16400146
590.22985840,679.37335205
598.54608154,1040.05468750
588.61187744,603.29327393
588.61187744,603.29327393
590.71319580,694.48132324
590.71319580,694.48132324
591.33380127,717.70257568
589.14599609,614.76782227
587.67901611,545.73931885
587.67901611,545.73931885
588.59252930,585.24420166
580.03845215,209.05404663
592.01611328,732.88873291
592.01611328,732.88873291
585.69409180,455.23367310
588.79608154,591.19177246
585.29345703,432.85195923
590.43933105,656.96496582
592.19293213,728.24200439
594.03387451,805.93273926
594.36700439,816.74243164
594.93847656,841.67834473
595.03851318,844.22680664
588.35223389,537.03393555
591.86029053,685.96972656
591.75665283,677.14208984
587.91320801,503.60833740
590.92181396,633.81481934
589.14111328,552.77758789
594.65478516,793.16491699
591.34936523,642.52966309
590.71539307,614.17169189
588.57824707,519.73242188
588.57824707,519.73242188
589.06134033,533.70251465
591.12908936,623.74053955
591.76696777,649.90936279
594.81378174,771.82916260
588.97198486,513.89855957
594.74737549,762.54156494
589.77648926,544.28741455
593.04211426,682.81341553
586.82263184,407.75128174
592.79565430,668.06793213
594.13732910,721.79168701
588.95916748,491.79968262
588.22644043,457.50372314
593.93463135,707.10870361
592.51007080,643.98461914
596.31054688,808.24798584
584.71728516,294.69152832
589.02124023,479.09704590
589.13818359,483.75344849
586.82696533,382.04934692
593.81518555,686.16070557
589.99328613,517.54339600
586.21417236,351.89428711
591.50891113,578.09741211
589.86804199,503.70587158
596.99652100,814.31848145
592.86218262,631.75488281
588.16943359,426.46945190
594.02075195,679.25671387
596.39410400,782.58081055
586.10455322,328.51199341
586.10455322,328.51199341
589.88665771,488.42291260
588.05432129,406.45724487
588.05432129,406.45724487
596.18750000,754.47302246
596.70825195,776.39215088
593.89239502,653.33703613
587.79656982,375.58358765
587.13446045,345.05383301
591.19879150,518.15118408
592.80291748,582.22052002
608.62719727,1272.73498535
591.98046875,544.15136719
586.54968262,306.40969849
590.32232666,466.23489380
590.32232666,466.23489380
589.08801270,412.18902588
593.94274902,615.70092773
590.43457031,459.84426880
590.43457031,459.84426880
596.33276367,713.88177490
588.71923828,381.58578491
596.25640869,708.87213135
589.10296631,394.35473633
593.39898682,578.13818359
596.28948975,701.03247070
589.54644775,404.74963379
591.00518799,467.75942993
591.00518799,467.75942993
592.87005615,538.15075684
593.97552490,567.73675537
592.57513428,504.72613525
595.51025391,632.46643066
588.75946045,337.89779663
592.11676025,482.99182129
592.11676025,482.99182129
595.97186279,645.76879883
590.61596680,411.38082886
593.05346680,509.82901001
595.80816650,616.86218262
591.61456299,430.99581909
592.87371826,479.64642334
592.19372559,446.32415771
589.97399902,349.31170654
592.18298340,444.62454224
589.55096436,328.44479370
591.51434326,397.90808105
595.78320312,578.89959717
588.34698486,253.99720764
608.69055176,1130.95263672
595.07135010,531.94049072
592.22369385,406.14608765
608.74993896,1124.32324219
593.53564453,457.01901245
594.41070557,493.95306396
594.68389893,502.14300537
594.91436768,510.40759277
594.23767090,477.95190430
591.78607178,367.41943359
591.07824707,336.23831177
591.41333008,347.52865601
595.38336182,518.57940674
593.25482178,425.84277344
596.06390381,540.96691895
597.86901855,612.24627686
592.56524658,381.35507202
595.04510498,467.87487793
592.71746826,364.74615479
596.12280273,511.45236206
590.13226318,244.53417969
590.47064209,255.99215698
595.78460693,484.70260620
596.13702393,491.65200806
595.34326172,449.67926025
593.64501953,373.99890137
595.96234131,473.63101196
596.10504150,478.06695557
595.57287598,438.27188110
594.24945068,380.80310059
600.06219482,627.22265625
597.19006348,502.00482178
591.99896240,273.55758667
594.82666016,394.30276489
600.41766357,633.05065918
594.82006836,389.21145630
617.89050293,1383.91943359
600.47552490,627.31634521
594.20520020,348.00415039
595.77062988,407.19259644
594.14453125,333.22021484
593.55450439,272.85562134
599.56134033,519.08666992
600.89733887,537.19097900
600.52185059,506.16702271
598.26672363,388.49859619
601.38500977,515.00445557
598.99017334,409.98046875
598.94335938,392.07461548
602.04992676,523.48266602
597.02069092,299.91061401
599.15106201,379.80712891
601.62762451,484.43441772
600.04846191,407.57748413
600.24035645,415.62823486
600.05560303,399.40805054
601.02301025,422.08432007
623.43798828,1383.81018066
603.23107910,505.39071655
603.74444580,510.34652710
603.12689209,426.47909546
604.57202148,433.56143188
605.10546875,426.14035034
605.10546875,426.14035034
606.20269775,470.32461548
605.65808105,446.77130127
606.83807373,452.94158936
608.63238525,463.63922119
609.80950928,471.88562012
611.09698486,523.73034668
610.95587158,510.17681885
609.77734375,450.42282104
609.77734375,450.42282104
609.67926025,437.11846924
612.61712646,514.57226562
612.85241699,521.57580566
612.10217285,473.62249756
611.68762207,449.67346191
611.68762207,449.67346191
634.37469482,1383.01782227
630.85986328,1214.88720703
614.49975586,479.49298096
614.49975586,479.49298096
631.73205566,1205.24377441
614.44305420,459.45983887
615.96728516,473.75845337
615.63262939,456.94186401
634.32110596,1225.54040527
634.33636475,1217.79699707
618.27825928,476.42559814
619.46917725,501.01763916
641.67694092,1391.33435059
621.44744873,510.45864868
638.86950684,1224.30456543
635.91107178,1091.87609863
641.48883057,1316.57580566
636.47662354,1088.09802246
637.14349365,1096.05981445
622.89007568,481.54412842
637.71954346,1104.22607422
622.03479004,435.69961548
624.37615967,490.99972534
641.75018311,1221.61437988
639.11505127,1095.24279785
639.65618896,1103.15087891
624.87585449,451.61041260
626.14562988,457.95123291
642.00726318,1083.11022949
642.00726318,1083.11022949
629.16534424,515.91198730
628.05419922,468.91818237
651.27148438,1393.95422363
629.65289307,469.48171997
630.47613525,473.99383545
657.07769775,1524.00720215
657.07769775,1524.00720215
632.31329346,483.73541260
650.00946045,1123.02160645
650.88116455,1131.65466309
651.06860352,1114.62890625
656.49114990,1238.60083008
651.32922363,990.45202637
664.94000244,1307.06665039
661.54705811,1130.56555176
667.48669434,1315.96667480
663.97814941,1136.95825195
671.54425049,1308.07873535
672.22943115,1315.66723633
671.57080078,1061.29052734
671.57080078,1061.29052734
697.29919434,1217.93994141
698.79205322,1220.61267090
699.14703369,1213.33105469
700.14300537,1226.84301758
701.57379150,1229.59106445
702.11846924,1216.85607910
706.66345215,1222.87390137
707.97235107,1218.33300781
718.99780273,1199.92321777
722.98974609,1212.84338379
724.11663818,1209.81665039
726.05139160,1212.67810059
730.05920410,1208.99780273
767.70404053,1201.55444336
771.04095459,1201.95312500
773.09936523,1201.88269043
774.27124023,1234.35314941
774.72607422,1244.18603516
775.33288574,1226.88891602
775.04730225,1214.28039551
776.72479248,1245.35009766
776.82055664,1234.69116211
777.21221924,1239.12658691
779.17669678,1234.60852051
778.59442139,1195.59887695
779.59161377,1205.70117188
780.26708984,1217.22338867
847.39947510,1437.78796387
848.08111572,1420.72277832
849.89343262,1425.10339355
850.76269531,1438.95349121
853.02001953,1465.30175781
865.08001709,1564.94433594
866.07025146,1478.64501953
866.07025146,1478.64501953
868.87139893,1476.44653320
868.87139893,1476.44653320
876.96258545,1562.67541504
878.19757080,1561.40856934
878.19757080,1561.40856934
879.03356934,1559.57080078
886.02166748,1531.15954590
885.16223145,1497.76757812
886.03656006,1525.24487305
888.93090820,1551.30847168
0.96490669,171.50746155
3.88912868,175.11602783
23.23839569,79.26502228
0.95896310,219.03282166
11.01756096,172.66023254
0.91796923,235.73292542
0.70926392,238.99273682
26.75995064,88.34124756
17.26180649,156.93873596
33.00196838,83.33392334
33.00196838,83.33392334
7.34774160,263.81964111
15.15075397,218.21696472
15.15075397,218.21696472
0.91970426,327.38436890
22.19977951,194.87335205
3.31713986,317.78778076
0.81645602,336.22851562
2.88263345,334.34844971
1.54135656,346.22604370
1.54135656,346.22604370
1.69648826,346.14636230
0.60278165,364.96697998
1.18707430,370.96713257
4.11019182,357.58776855
8.25016499,337.68988037
1.01639342,385.27609253
8.88807201,345.23849487
15.72237015,304.22549438
15.72237015,304.22549438
10.04787254,341.95553589
1.11011589,400.54544067
1.11011589,400.54544067
13.47325039,328.03359985
13.47325039,328.03359985
1.81551015,413.51535034
41.01550674,165.64176941
41.01550674,165.64176941
13.39126396,342.66366577
4.23886538,411.87585449
20.95336533,336.67794800
24.87400246,331.89678955
0.86303312,490.14749146
24.72628021,337.66830444
27.33076859,333.57888794
27.33076859,333.57888794
0.65584356,510.66384888
31.31829262,331.30963135
31.11727715,334.44625854
35.87747574,329.28067017
36.58728790,347.08923340
29.81893921,396.42227173
45.45992279,324.48049927
17.37736130,539.65899658
2.90056586,653.27612305
94.61711884,34.66417694
54.14649963,310.97369385
53.26848602,323.36199951
55.59564209,317.71813965
4.41036987,670.26800537
8.55387020,650.69360352
14.43335629,611.44360352
13.85965729,615.43762207
6.66014719,665.45910645
13.59252644,621.91613770
0.75371867,712.14624023
16.20038223,607.99920654
52.75031281,357.16397095
58.03256226,321.88305664
17.52393150,602.03234863
81.36926270,163.50769043
11.56462002,647.15380859
8.64082813,671.70544434
8.64082813,671.70544434
18.63084602,605.65234375
16.91082382,618.07879639
5.99321651,696.47979736
84.04537964,160.41737366
16.31506538,631.23486328
16.31506538,631.23486328
17.65525627,623.05029297
14.10234928,649.49114990
12.25149918,662.37731934
4.92986202,713.53625488
14.86927509,645.49792480
14.86927509,645.49792480
62.04030991,319.26266479
18.99352646,620.11358643
13.96194839,655.51361084
9.70401001,687.82196045
64.03151703,312.33581543
7.43167305,705.26934814
14.21319008,658.58953857
9.50177002,693.87188721
17.61390495,640.91864014
0.67023879,759.30285645
15.00054455,660.85827637
15.00054455,660.85827637
16.79234505,650.41864014
54.04864883,392.81359863
15.18552399,666.69921875
14.25734711,675.65155029
15.17709827,669.68908691
7.15045214,725.98522949
12.88842869,686.37951660
18.94960785,648.12274170
20.97122383,634.14514160
11.32485199,701.58483887
11.32485199,701.58483887
2.95984125,760.84985352
16.97173119,663.89208984
13.18767643,691.75701904
8.71348381,723.81011963
14.52716827,683.24932861
20.10609818,645.10217285
20.10609818,645.10217285
20.10609818,645.10217285
16.07281685,673.50036621
79.83829498,229.96247864
79.83829498,229.96247864
21.55828094,639.88171387
22.72844124,631.80639648
16.19388008,681.13586426
19.47320557,660.14611816
14.22620678,697.10876465
20.03021431,656.48809814
20.03021431,656.48809814
18.95800591,666.14819336
14.18776417,699.59973145
14.18776417,699.59973145
13.73828888,704.40228271
19.13628197,668.81848145
24.47362900,634.01184082
16.95372009,687.44464111
18.56143379,676.83355713
19.33908653,673.67755127
25.98884392,631.93756104
25.24636841,637.43005371
16.68681145,698.22326660
100.64105988,108.71516418
95.05582428,149.45207214
18.29726028,690.27587891
19.08898735,684.87237549
17.83195305,695.48797607
24.18630791,653.92236328
24.72187805,650.31219482
75.26753235,296.05163574
23.14467430,665.29858398
23.14467430,665.29858398
16.37944221,716.63104248
21.17202568,683.29003906
26.45778275,648.16937256
26.45778275,648.16937256
19.30419350,698.78924561
27.71820259,641.62359619
28.69841576,635.00854492
19.43215942,700.68756104
21.23634148,688.45935059
23.06568527,676.63012695
37.59889984,580.67498779
96.78362274,161.71749878
26.47753143,660.54833984
119.46565247,2.75707078
25.66770554,668.29272461
23.80473137,682.03607178
32.02262878,625.40545654
32.02262878,625.40545654
90.93490601,209.19924927
31.13072777,634.43157959
22.75783730,697.20788574
29.09051132,656.05694580
111.68824768,71.91867828
29.03231239,662.98901367
32.44023895,639.94201660
92.75297546,213.34588623
100.12571716,161.59318542
100.12571716,161.59318542
94.02970886,207.07142639
95.87467194,197.55090332
104.15134430,139.51399231
4.79152775,850.12048340
96.96039581,193.04402161
98.64794159,183.14102173
34.36971283,643.78192139
81.67098999,306.32174683
10.87897968,812.96789551
35.74946976,648.36938477
37.27930069,640.44610596
106.75504303,142.02305603
34.07659531,664.27081299
107.26493835,139.33096313
14.23684406,807.91229248
35.57889557,655.70690918
108.61846161,132.41250610
9.24222565,851.66107178
73.10755157,406.93511963
34.24415207,690.40740967
88.60820770,307.44784546
13.82022381,850.00598145
31.37659264,724.47949219
89.02750397,308.39962769
0.91494936,951.24285889
1.69861639,950.62622070
16.79821587,861.64105225
22.16931534,825.41918945
6.87975311,943.73889160
101.43983459,251.84928894
115.79756165,148.76289368
41.16082001,703.68347168
42.60724640,717.64685059
98.69045258,305.21542358
48.31858444,679.61260986
42.41144180,728.42919922
42.41144180,728.42919922
46.61304474,699.13250732
46.63141251,701.23327637
46.63141251,701.23327637
47.60840607,694.41259766
107.59423828,251.10522461
48.17990112,691.07147217
50.46664429,677.84033203
27.35459518,850.51019287
42.71004868,740.73553467
28.37702942,847.21508789
18.11517143,929.98162842
54.58756256,658.94531250
53.30940628,690.06024170
48.41106033,728.70867920
48.41106033,728.70867920
55.04822922,680.88769531
51.46687317,709.13000488
46.88018417,745.17401123
49.04110718,737.15008545
127.97924042,154.82453918
64.90129089,630.95648193
64.90129089,630.95648193
53.36030960,721.12658691
53.36030960,721.12658691
59.07291412,689.33673096
60.28335571,681.65325928
68.50126648,623.02691650
68.50126648,623.02691650
38.53110886,850.60003662
54.04026413,736.91424561
60.07934570,691.78955078
60.07934570,691.78955078
118.69788361,248.69168091
61.11486816,686.36663818
111.55381012,310.96774292
69.76969147,628.20281982
52.98852539,756.54772949
58.63135910,714.74786377
61.84162903,694.20233154
60.33054733,717.71801758
61.73843765,708.54620361
72.04243469,630.13269043
71.62767029,633.40643311
72.47253418,627.67712402
73.45090485,622.25891113
104.47674561,387.25036621
58.30648041,743.91650391
65.94828796,685.63507080
66.73859406,682.47833252
74.37363434,625.07446289
105.79116058,385.48602295
62.63311005,716.28198242
116.27735138,306.66424561
63.41234589,711.93756104
62.49098969,720.22314453
36.22248840,929.11816406
116.83219910,311.89190674
65.39530182,707.52124023
65.89116669,704.36846924
67.01230621,695.98107910
68.17675781,687.36578369
64.12288666,722.88421631
73.13964081,654.23327637
73.13964081,654.23327637
65.08573151,717.76019287
65.08573151,717.76019287
76.70919800,633.45526123
70.32646942,683.57830811
70.32646942,683.57830811
69.86762238,690.14868164
75.55556488,647.77081299
75.55556488,647.77081299
66.73335266,715.90344238
122.56043243,289.36291504
68.74546814,704.57727051
66.88535309,720.51422119
72.16626740,686.91528320
70.32554626,708.31488037
73.90162659,683.76696777
52.39042664,851.55493164
52.41019440,851.51031494
77.42088318,660.17767334
134.61860657,218.40628052
134.61860657,218.40628052
122.46240234,313.33416748
72.40235138,702.89276123
72.40235138,702.89276123
73.65444946,695.15289307
71.11524963,715.79650879
124.33216095,311.22021484
124.33216095,311.22021484
72.41956329,720.58251953
76.41673279,690.65087891
75.46926117,699.27258301
75.15702820,704.56494141
78.61116028,686.38067627
79.50597382,680.50909424
64.04954529,823.68853760
60.30035019,858.12463379
131.15359497,315.14382935
90.67807770,651.50158691
84.43305969,702.79656982
80.19123840,737.59808350
134.43879700,313.16030884
87.35129547,691.79730225
98.44564056,609.30944824
92.26139832,659.21820068
127.73418427,379.88208008
138.02912903,311.08810425
92.90120697,692.64569092
92.90120697,692.64569092
131.73011780,381.18844604
91.00452423,710.83111572
145.75396729,295.61007690
143.79641724,312.43768311
96.03996277,700.80566406
82.46582794,818.19171143
100.82689667,670.85644531
84.26627350,809.94622803
167.11820984,137.43212891
98.47103882,701.53332520
77.36124420,882.76434326
3.47547364,1486.64514160
87.36579132,806.87664795
100.06481934,703.29864502
95.50623322,747.45379639
157.82962036,242.47460938
101.06489563,709.16845703
103.41993713,694.09197998
77.54775238,911.17065430
171.16845703,149.35214233
178.50431824,98.71476746
180.50494385,94.14050293
180.50494385,94.14050293
107.74478912,703.47570801
110.22689819,688.48913574
169.05761719,201.01918030
182.39216614,101.92036438
159.14028931,318.22964478
114.90549469,691.73461914
114.10137939,702.27636719
121.17807007,664.50952148
122.26442719,691.67932129
128.09281921,653.80145264
139.54627991,556.52593994
122.96016693,700.12145996
122.96016693,700.12145996
-8.32287502,1837.43164062
126.64896393,693.46258545
128.56878662,681.98913574
194.59700012,128.76472473
171.18815613,358.17373657
135.54635620,674.50616455
5.41836739,1814.30981445
128.74951172,746.63818359
4.53568459,1832.48742676
2.46849751,1856.17199707
141.07904053,645.11547852
7.86585140,1819.07458496
5.99779654,1840.04565430
142.71739197,642.59088135
7.49681854,1828.46533203
142.28604126,648.72149658
18.17302704,1742.29223633
146.42858887,641.05810547
11.30006123,1884.71911621
11.30006123,1884.71911621
218.75347900,56.82055283
79.70293427,1306.44848633
16.26930618,1882.78833008
16.27105522,1887.38452148
16.27105522,1887.38452148
113.15045929,1033.41491699
85.26872253,1298.39721680
147.40986633,742.73236084
158.46342468,646.27020264
70.18563843,1475.25280762
191.38830566,385.11968994
81.18523407,1424.39782715
122.47412872,1045.34509277
126.83535004,1048.88964844
72.83544922,1570.31933594
164.02761841,732.16754150
170.10154724,740.38916016
133.32713318,1090.53625488
134.60269165,1083.63024902
201.04405212,456.50576782
174.66270447,731.20452881
98.19332886,1466.82946777
138.62373352,1089.17004395
144.62670898,1034.04589844
146.12271118,1026.34375000
146.76690674,1051.23083496
145.08439636,1090.39965820
150.43594360,1056.77307129
151.04246521,1052.15258789
148.43441772,1087.13598633
148.43441772,1087.13598633
150.35101318,1076.55346680
151.16482544,1070.95947266
162.79631042,963.50268555
152.20907593,1073.92272949
153.91906738,1058.52514648
200.98684692,596.23468018
155.66152954,1056.79589844
195.72111511,662.15832520
104.35173798,1570.05505371
153.74020386,1081.62145996
198.03233337,643.50976562
208.86593628,545.25262451
208.86593628,545.25262451
156.55702209,1065.68750000
209.28755188,542.49957275
174.00886536,897.68347168
106.99935913,1574.31823730
135.40815735,1296.38745117
174.64164734,914.79431152
160.73364258,1064.55383301
176.50067139,918.31970215
176.75877380,917.94854736
166.15553284,1025.72668457
104.03484344,1672.41210938
165.08041382,1064.45385742
166.55342102,1068.46582031
162.74279785,1111.82543945
163.60638428,1104.49084473
168.64573669,1054.95104980
214.55650330,604.21508789
175.02717590,1009.14831543
222.61076355,528.25604248
166.10493469,1109.66748047
183.09652710,937.74072266
169.03410339,1100.56079102
173.40779114,1059.46032715
210.48001099,677.98266602
169.14959717,1106.86804199
219.22839355,595.46990967
218.67990112,603.05712891
182.25399780,985.73852539
218.50772095,610.79626465
174.45457458,1081.15429688
211.68688965,696.49981689
176.09082031,1078.79296875
188.90998840,954.36407471
179.60322571,1064.41662598
267.78280640,154.65005493
253.94374084,315.03231812
154.20803833,1369.31994629
154.64973450,1376.08825684
183.08410645,1081.84216309
190.33518982,1023.01629639
139.32182312,1572.67138672
144.93754578,1523.43322754
186.42857361,1081.51684570
168.22694397,1290.83593750
161.93563843,1369.31469727
169.67381287,1295.69506836
229.21374512,660.45965576
114.20870209,1898.54638672
130.00970459,1738.40502930
202.86457825,965.08770752
155.91641235,1479.61743164
117.85192871,1896.22229004
117.85192871,1896.22229004
194.02114868,1087.62756348
194.88476562,1091.35632324
239.96406555,603.87609863
171.14639282,1369.31335449
170.65731812,1374.91320801
176.79362488,1309.35058594
230.85105896,721.57147217
179.29699707,1287.92089844
221.09727478,835.65936279
179.42700195,1294.20812988
217.76341248,882.71038818
198.45370483,1098.69604492
193.72192383,1170.49096680
224.85766602,830.92590332
197.02998352,1153.26831055
221.73138428,893.68457031
199.47148132,1146.04370117
204.17118835,1097.14025879
205.90364075,1093.92810059
199.56289673,1175.06262207
232.57484436,809.04522705
233.16491699,807.62976074
234.15115356,798.87268066
225.42124939,899.57507324
252.60932922,594.13269043
200.85473633,1184.47778320
226.16789246,905.92224121
248.93392944,649.00201416
205.50086975,1140.59118652
137.49378967,1909.12585449
246.06369019,683.38220215
248.08689880,664.42651367
204.09695435,1171.76110840
211.59788513,1088.57763672
237.35095215,800.18621826
238.63973999,785.72985840
238.63973999,785.72985840
235.26907349,834.92144775
208.92584229,1140.05822754
247.50645447,704.40686035
205.94683838,1178.46081543
212.62803650,1114.43249512
207.12394714,1181.45336914
212.47328186,1120.61584473
212.47328186,1120.61584473
205.31188965,1207.57397461
242.61825562,788.45452881
206.88484192,1202.40100098
214.39823914,1117.83325195
208.07788086,1191.39733887
233.23782349,911.69152832
278.64169312,390.92623901
221.87498474,1047.03051758
264.27554321,559.17059326
234.88504028,902.25378418
210.70875549,1182.83190918
209.76011658,1206.03405762
241.28105164,843.99389648
213.41152954,1186.38708496
220.37472534,1106.70568848
222.55181885,1092.26049805
270.94244385,537.18408203
248.30250549,806.38391113
232.53947449,992.10418701
227.47161865,1051.83947754
245.82061768,837.31372070
215.32600403,1197.25439453
226.15370178,1077.81945801
255.40585327,737.32623291
255.40585327,737.32623291
228.92892456,1048.46166992
225.71665955,1086.74365234
217.78239441,1186.55883789
216.27641296,1205.98583984
217.10209656,1198.37097168
248.52896118,831.19329834
260.37573242,703.83746338
265.08859253,648.46820068
219.77339172,1183.88220215
251.43344116,810.78216553
219.09338379,1202.66540527
253.44522095,801.94909668
221.48600769,1194.27209473
254.03929138,818.61999512
229.81762695,1119.11364746
229.81762695,1119.11364746
237.29887390,1030.27453613
255.43106079,817.15350342
258.26916504,808.10107422
258.02935791,814.79583740
258.46069336,823.56903076
258.46069336,823.56903076
242.88197327,1035.86511230
242.88197327,1035.86511230
226.15141296,1287.12390137
235.96617126,1201.68395996
249.62521362,1045.16076660
268.52847290,814.58435059
278.89163208,687.99841309
260.29431152,930.38092041
260.29431152,930.38092041
261.42022705,927.55828857
271.47158813,819.29071045
271.02005005,832.23724365
290.83004761,592.76617432
272.77447510,830.12695312
271.34686279,850.55029297
274.51864624,820.87261963
264.91070557,948.82086182
263.25222778,992.49340820
276.78018188,826.00482178
267.97158813,942.08764648
248.12237549,1204.21386719
275.60794067,862.44720459
271.62597656,941.96997070
268.35104370,989.93707275
268.35104370,989.93707275
272.35574341,952.44519043
281.26425171,838.28186035
269.14562988,998.94458008
298.77081299,635.41131592
294.11798096,704.46362305
273.05569458,994.59161377
276.03314209,957.22039795
276.03314209,957.22039795
284.00378418,856.60235596
309.91973877,519.79138184
285.58511353,840.86895752
287.55859375,820.22991943
287.55859375,820.22991943
304.64901733,603.50769043
350.35452271,4.75550747
207.69540405,1890.78820801
232.59770203,1564.54138184
207.85446167,1890.79064941
286.82196045,854.25762939
269.58285522,1082.47851562
291.27575684,801.62359619
290.64413452,816.54217529
290.64413452,816.54217529
291.20498657,812.64514160
256.48980713,1282.70532227
312.95318604,536.59875488
259.49642944,1279.96020508
322.98797607,434.85372925
260.73834229,1283.71423340
247.31137085,1473.35925293
327.15960693,415.46493530
293.67059326,872.63122559
296.92391968,875.82025146
268.96987915,1272.47863770
262.76080322,1378.00805664
304.90902710,814.26092529
272.38244629,1276.11193848
259.00875854,1473.59948730
302.28640747,872.57434082
272.87771606,1284.75085449
309.81610107,813.73272705
311.91806030,871.95733643
310.88909912,938.60650635
336.80572510,584.63677979
351.61437988,384.87530518
342.69601440,532.74774170
334.26538086,738.12078857
290.14938354,1473.21984863
336.48858643,811.28967285
301.48550415,1472.89575195
365.48135376,529.12243652
341.08154297,935.89916992
320.88534546,1281.98388672
368.23220825,582.49267578
365.11404419,795.24200439
375.81674194,633.87945557
363.77282715,869.80682373
367.86367798,808.51562500
369.61560059,933.62030029
369.64443970,936.26989746
421.35009766,53.50791931
373.33847046,933.35394287
388.55648804,747.00592041
437.76251221,206.35877991
448.79885864,11.03600407
445.56738281,265.31838989
444.27404785,446.90267944
449.57876587,596.99029541
457.58813477,654.83526611
463.10678101,745.84747314
470.78656006,581.47558594
465.44628906,771.72235107
479.01995850,471.61880493
480.86917114,724.40161133
648.71533203,1246.32360840
651.07287598,1273.59887695
654.39959717,1243.67431641
657.63519287,1270.66516113
677.39239502,1515.50952148
703.19390869,1261.63989258
703.19390869,1261.63989258
719.10107422,1263.15026855
722.53039551,1268.55236816
722.53039551,1268.55236816
725.07073975,1373.21716309
723.70703125,1262.55786133
729.54736328,1527.04785156
726.73748779,1384.77441406
728.08685303,1392.66479492
731.56689453,1384.84155273
733.92395020,1373.11853027
741.27465820,1543.85974121
741.38238525,1384.48205566
743.94140625,1373.31750488
755.46844482,1380.70520020
752.27404785,1235.49755859
762.22924805,1236.10656738
769.64544678,1380.22094727
775.87225342,1281.25500488
779.45397949,1376.74987793
779.34106445,1277.69995117
792.49877930,1280.88293457
797.62469482,1280.97094727
829.93518066,1299.85473633
836.98077393,1379.28576660
874.26489258,1378.05102539
874.26489258,1378.05102539
920.53094482,1636.08911133
924.02996826,1632.91369629
924.09436035,1628.52026367
925.48663330,1646.25561523
926.29718018,1377.00195312
930.39538574,1376.65490723
1080.53796387,1649.16723633
1081.60107422,1299.38513184
