5.18967915,73.60984039
2.86240339,103.59611511
7.57191658,100.61772156
10.66505241,102.23818207
14.05619526,100.03591919
18.03216171,101.09103394
10.96408176,135.55601501
14.42743015,138.11466980
21.50268364,129.48770142
14.50689983,204.88070679
31.93934441,158.63482666
42.38984680,132.22593689
42.38984680,132.22593689
42.38984680,132.22593689
28.15893173,198.73933411
48.22326279,130.70074463
1.53960168,296.06826782
1.00135505,306.69750977
13.15166473,278.17221069
8.62324047,304.77722168
12.28593636,293.69390869
14.25814915,287.42236328
59.89407730,127.57156372
66.50949860,120.40679169
13.83928394,313.23812866
77.12835693,90.38925934
77.12835693,90.38925934
49.43304062,191.64833069
47.53898239,202.52903748
77.60029602,97.07766724
14.20671654,327.07012939
14.20671654,327.07012939
59.44617844,167.48808289
51.22650146,199.13729858
54.25864410,191.88055420
24.32511711,300.92065430
76.75566101,114.74136353
20.50953674,320.08251953
15.98500443,339.63571167
49.62644577,225.82527161
49.62644577,225.82527161
49.62644577,225.82527161
52.44813156,216.04061890
79.11641693,120.48974609
79.11641693,120.48974609
57.73845291,200.03373718
57.73845291,200.03373718
80.64748383,116.61017609
23.97341347,324.21853638
55.39613724,217.06089783
17.42779732,371.35540771
31.04065704,323.17529297
35.97978973,307.70901489
68.35120392,189.39118958
65.86225891,199.68437195
65.86225891,199.68437195
28.06119919,338.51483154
26.27554703,349.18182373
64.51078796,210.10511780
64.51078796,210.10511780
45.26929855,280.24575806
80.35253906,152.76963806
80.35253906,152.76963806
68.33025360,197.24572754
67.12689972,202.52156067
67.12689972,202.52156067
31.73442268,334.16345215
42.57865143,297.33526611
42.57865143,297.33526611
30.20940781,343.84283447
66.08144379,212.13381958
66.08144379,212.13381958
27.34899521,356.93438721
20.41909981,389.34347534
20.41909981,389.34347534
18.94801903,396.38232422
35.09890747,339.05780029
18.44395447,401.54171753
24.31251717,381.70446777
17.25756836,407.72525024
45.75372314,304.70074463
16.34784126,414.38742065
14.30001450,425.73818970
25.31118965,386.05822754
48.88864136,298.96038818
56.34369659,273.26895142
13.53652382,431.58114624
17.84975433,415.79446411
20.73732948,409.34161377
47.23433304,314.65383911
89.58674622,158.68084717
26.94609833,392.13973999
94.87646484,140.40740967
17.81140518,428.05810547
30.44858170,383.81787109
57.30324936,285.92443848
57.30324936,285.92443848
15.71881294,441.50418091
46.94336319,325.53475952
102.42800140,118.88702393
55.06387329,302.74130249
14.54902649,455.53811646
20.89916039,433.37683105
47.31088257,338.12280273
14.23129940,465.50067139
119.40293121,71.25008392
81.62892151,213.24443054
83.65859985,207.27922058
37.94133377,383.74511719
37.94133377,383.74511719
109.66042328,113.84883881
51.25065994,335.66204834
59.00907516,307.87432861
49.24781799,347.01553345
122.62478638,70.74118805
46.48733139,358.59115601
46.48733139,358.59115601
22.61240959,451.46020508
22.61240959,451.46020508
54.91450882,331.49691772
73.43742371,262.82052612
49.19614410,357.72799683
69.55444336,283.75143433
44.75386810,380.76022339
67.62973785,294.51574707
34.74452591,419.83697510
28.63889313,449.39419556
104.25119781,163.88824463
104.25119781,163.88824463
104.25119781,163.88824463
87.60761261,229.79379272
16.65204811,501.57019043
79.76985931,261.52636719
38.97890091,416.95983887
22.17288780,481.60412598
22.17288780,481.60412598
91.78783417,218.87919617
43.35651398,404.92749023
31.08592796,452.30554199
109.02145386,155.63630676
39.70424271,420.28479004
39.70424271,420.28479004
31.31991577,455.35729980
51.68124390,379.54046631
30.48274994,460.84597778
30.48274994,460.84597778
29.38413429,467.26473999
112.12766266,152.74487305
71.17882538,309.91955566
71.17882538,309.91955566
36.87672424,441.83953857
13.34009361,532.47503662
65.73708344,335.30917358
43.33306885,421.64050293
43.33306885,421.64050293
34.98013687,453.82733154
25.11719704,492.49935913
75.00257874,302.75778198
30.00086021,476.48345947
68.26100159,331.28970337
110.11823273,171.94685364
110.11823273,171.94685364
66.08892822,342.44665527
48.44303513,414.41879272
80.69274902,291.60501099
129.79145813,103.27446747
72.32118225,324.99563599
72.32118225,324.99563599
76.79189301,308.67498779
45.83726501,428.19183350
38.21451950,458.93283081
29.35911942,494.02426147
35.22338486,471.97824097
35.22338486,471.97824097
69.91029358,339.58572388
64.76216125,359.51547241
64.76216125,359.51547241
49.00664139,420.82711792
49.00664139,420.82711792
29.06436729,497.80398560
29.06436729,497.80398560
69.11824799,344.18518066
31.74221420,490.95404053
35.19282150,478.79824829
133.06944275,99.88925934
52.45333862,413.69772339
29.68841934,504.42581177
29.68841934,504.42581177
106.64731598,207.56649780
62.96472549,376.77972412
59.83153915,389.30459595
71.02918243,346.67535400
72.41970825,341.35134888
29.28306198,510.89379883
59.68848419,394.87652588
59.68848419,394.87652588
39.43068314,474.06146240
30.92185020,507.09359741
28.55546951,518.06555176
28.55546951,518.06555176
136.35621643,101.03202057
86.08219910,297.17254639
38.27783585,484.61935425
91.67356110,278.88989258
76.51757812,340.36996460
76.51757812,340.36996460
43.56506729,470.03686523
56.83562469,419.13296509
56.83562469,419.13296509
55.67552948,424.66586304
58.42713547,414.17855835
58.42713547,414.17855835
127.98835754,144.08116150
60.81419373,406.21536255
117.62129974,184.54318237
117.62129974,184.54318237
91.67976379,288.43527222
56.20953751,427.99423218
88.11347198,305.37149048
94.79300690,279.22827148
85.35566711,318.78686523
85.35566711,318.78686523
62.19877625,411.61181641
126.26287079,163.18093872
126.26287079,163.18093872
87.32847595,316.31329346
125.20195770,168.72322083
125.20195770,168.72322083
94.44712067,289.82901001
90.20514679,307.62420654
60.49099350,424.25598145
60.49099350,424.25598145
89.73583221,310.76501465
142.44807434,104.92335510
83.40542603,338.63302612
123.45767975,183.37208557
119.89985657,198.42285156
119.89985657,198.42285156
82.16633606,350.15344238
70.18766022,397.68551636
70.18766022,397.68551636
89.65959930,321.07330322
63.32577133,425.47293091
63.32577133,425.47293091
74.40503693,382.39193726
53.61755371,467.78097534
53.61755371,467.78097534
70.47064209,403.38504028
59.25013351,448.41284180
83.13651276,355.25421143
69.64029694,410.17077637
65.03724670,428.64453125
66.85993195,422.18667603
66.85993195,422.18667603
79.31361389,373.42382812
79.31361389,373.42382812
57.25505829,463.49456787
57.25505829,463.49456787
68.50650024,430.54318237
68.50650024,430.54318237
60.00806808,465.94732666
78.05877686,397.02618408
71.72576904,427.26684570
71.72576904,427.26684570
61.25768280,468.92306519
61.25768280,468.92306519
97.32834625,325.74215698
36.81708908,568.82244873
72.66282654,433.37658691
138.87693787,171.38406372
32.45794296,597.57989502
138.83987427,175.79557800
70.98303223,451.59371948
70.98303223,451.59371948
72.20575714,446.47531128
72.20575714,446.47531128
78.98675537,419.50207520
136.08096313,191.30357361
136.08096313,191.30357361
134.38247681,201.23287964
97.57442474,349.51498413
101.64366150,334.32565308
101.64366150,334.32565308
104.41008759,323.46331787
18.51002312,670.94775391
171.92576599,57.13499451
100.34262085,345.50216675
100.34262085,345.50216675
82.24028778,419.43154907
102.23143768,339.71514893
71.37985992,464.10568237
112.53697968,302.10815430
110.53438568,310.37011719
96.10652924,368.96377563
69.35829163,477.00537109
80.89131927,431.28994751
80.89131927,431.28994751
27.64519882,646.33654785
139.04208374,197.13705444
66.31011200,492.98587036
176.21443176,53.92630768
68.33361053,491.38046265
14.81083012,708.40997314
97.63917542,374.75350952
77.56488800,456.25161743
66.38745117,502.98223877
82.19696808,440.40963745
95.94641876,386.89871216
95.94641876,386.89871216
92.82381439,399.18618774
87.57814789,421.77554321
121.87979889,288.97726440
121.87979889,288.97726440
125.92968750,279.85537720
1.36221850,788.82904053
94.13346100,411.26416016
183.21983337,53.79500961
183.21983337,53.79500961
123.02943420,300.42663574
88.76239014,442.04672241
128.06109619,281.68383789
90.94161224,435.03161621
101.54238129,396.71154785
87.81259155,453.97927856
0.39096346,813.70269775
85.72160339,467.29421997
8.52299118,786.57879639
8.52299118,786.57879639
128.02787781,299.44116211
40.72663498,659.39001465
129.58618164,293.57406616
1.61537576,819.52246094
77.67984772,508.78826904
158.11312866,186.48054504
158.11312866,186.48054504
76.99502563,514.71563721
76.99502563,514.71563721
78.63170624,518.48370361
78.63170624,518.48370361
2.13070679,836.62481689
98.99870300,435.91241455
0.72969872,844.11328125
190.73728943,58.84980392
8.12232113,818.59527588
8.12232113,818.59527588
89.85372925,485.81298828
30.77889442,735.72186279
30.77889442,735.72186279
30.77889442,735.72186279
27.76902962,749.35064697
94.42721558,477.44894409
83.20415497,526.45477295
83.20415497,526.45477295
209.83981323,0.59060711
1.02697599,874.90637207
102.96965027,448.60055542
102.96965027,448.60055542
1.29447651,884.38201904
169.95610046,177.92375183
32.40906906,764.08819580
174.39450073,173.28660583
174.39450073,173.28660583
100.75517273,484.59664917
75.02458954,599.81158447
114.19413757,435.92864990
37.08609390,766.05181885
37.08609390,766.05181885
154.67842102,267.87756348
176.75856018,175.62829590
31.40573311,791.15228271
184.51290894,149.93447876
20.30214500,843.07226562
20.30214500,843.07226562
180.42941284,165.94441223
10.64939976,886.96899414
178.90405273,176.00718689
178.90405273,176.00718689
10.84843445,896.72253418
108.82244110,474.43124390
10.84843445,896.72253418
159.44494629,261.37826538
25.61163902,833.07769775
178.46467590,187.39407349
43.38798523,772.32458496
27.11016655,842.32159424
159.59049988,277.15713501
159.59049988,277.15713501
23.31798553,861.80224609
225.08544922,0.35214204
41.54412079,789.85424805
189.48384094,158.90742493
189.48384094,158.90742493
130.10606384,415.11322021
130.10606384,415.11322021
27.84624863,856.57470703
41.69599533,805.71917725
127.41294861,436.41091919
191.06735229,162.64709473
100.64760590,554.46276855
193.08895874,156.68351746
102.91464996,547.96697998
37.47735596,830.82135010
105.43981171,545.16796875
189.08483887,185.14831543
189.08483887,185.14831543
31.60530281,876.42626953
190.43089294,187.91133118
110.83954620,537.44750977
39.27148438,848.71838379
42.70868683,838.10546875
174.66267395,265.32318115
110.64577484,546.49102783
161.32514954,334.06826782
165.89013672,319.70037842
176.53979492,273.40240479
158.04316711,357.45425415
204.64768982,151.98297119
162.92489624,336.27883911
162.92489624,336.27883911
204.49661255,164.95327759
166.59759521,332.05810547
181.49313354,266.77130127
181.49313354,266.77130127
222.47608948,86.82267761
185.68858337,251.70376587
51.98545074,845.25964355
51.98545074,845.25964355
162.28802490,361.96664429
163.83573914,357.04882812
0.80785245,1081.31005859
169.72521973,334.67761230
188.99378967,249.20753479
211.40138245,153.37513733
163.07473755,368.61129761
57.21752548,842.60314941
57.21752548,842.60314941
165.43980408,364.40554810
192.70175171,243.81425476
165.24685669,370.14172363
49.52939606,890.57800293
168.64926147,361.45315552
170.07936096,356.09631348
167.79884338,366.72717285
214.75416565,156.45344543
54.00411606,877.20507812
0.58147180,1123.70214844
197.00251770,246.82525635
170.43945312,369.22177124
168.09841919,381.01797485
181.01495361,323.47406006
67.06815338,839.97314453
220.55410767,150.76538086
220.55410767,150.76538086
237.80967712,73.70238495
149.18455505,475.11361694
69.85300446,833.74963379
69.38293457,836.02355957
69.38293457,836.02355957
62.51809311,866.59796143
174.82330322,362.22616577
177.90826416,350.99838257
45.05818939,950.15911865
185.92367554,322.03823853
73.23370361,831.13104248
241.85574341,69.90200043
178.53543091,365.27435303
180.33102417,358.34851074
227.12585449,146.38615417
66.90416718,878.43157959
36.00500870,1022.64361572
182.35279846,358.30920410
79.62612915,825.79132080
80.01394653,829.62707520
80.01394653,829.62707520
55.09320450,947.48553467
15.13532639,1137.08886719
185.05642700,361.68457031
2.39474392,1198.14831543
83.11216736,831.74755859
179.08236694,396.53912354
233.65696716,147.28918457
13.22652340,1158.96740723
86.98810577,823.72534180
79.82521057,856.73327637
179.47050476,402.20468140
232.95292664,157.83483887
164.83459473,471.49877930
10.57965755,1180.75683594
89.83441162,824.10852051
89.83441162,824.10852051
89.21430206,827.17834473
185.78114319,386.21450806
237.54026794,150.75518799
185.61708069,391.47152710
5.63897324,1226.45361328
0.32517350,1253.80297852
15.96867847,1182.08483887
4.81247711,1234.37585449
184.91830444,401.78286743
238.37313843,158.55509949
241.88623047,145.76159668
241.88623047,145.76159668
190.80848694,384.42404175
97.72593689,817.79284668
97.35272980,820.18103027
97.35272980,820.18103027
11.40739918,1220.08642578
22.41087532,1174.76562500
11.82711124,1225.77050781
178.08471680,452.56002808
87.40405273,874.90081787
242.50134277,155.32838440
14.87605858,1219.49450684
192.29368591,392.84963989
10.51727676,1248.86401367
15.91329288,1223.92321777
12.23160076,1242.14111328
197.38511658,377.34954834
246.28620911,149.02282715
106.20805359,812.15545654
195.18788147,394.61791992
106.36354065,815.37786865
106.36354065,815.37786865
8.48393631,1277.11962891
11.67585850,1262.67687988
250.77607727,139.78001404
247.55201721,156.69934082
109.74863434,806.96893311
109.74863434,806.96893311
1.15808344,1319.51354980
198.70706177,388.80737305
1.28249586,1319.65161133
15.05003643,1262.65014648
202.35810852,378.94277954
19.63128281,1245.98669434
16.62894440,1259.75781250
0.77462035,1334.85192871
255.80163574,129.29299927
41.58572006,1143.43273926
112.05603790,811.74609375
16.51139450,1268.52429199
16.51139450,1268.52429199
230.89303589,256.86364746
248.83682251,173.08039856
253.15406799,154.26121521
20.59825325,1260.03283691
116.00897980,807.08642578
26.47808838,1238.46752930
213.22103882,350.20532227
213.22103882,350.20532227
204.44512939,397.68655396
36.75154114,1200.55004883
23.23335838,1263.87915039
203.39097595,407.46911621
207.88275146,387.41491699
207.88275146,387.41491699
124.16072845,788.58135986
43.33049774,1177.84240723
204.97471619,403.51504517
243.61820984,220.36033630
122.28175354,801.90484619
36.47242737,1217.80419922
36.47242737,1217.80419922
35.46450043,1221.44677734
211.79386902,381.64306641
272.47161865,94.38841248
213.41152954,378.12377930
205.32603455,418.79605103
212.59896851,384.78512573
40.45024109,1215.48913574
40.45024109,1215.48913574
131.09164429,781.54211426
127.30739594,800.33129883
247.84979248,219.30496216
39.44583511,1223.08666992
50.37971115,1170.93164062
237.66792297,269.51889038
214.62060547,381.17669678
257.91250610,174.51931763
243.89068604,241.34259033
239.92706299,262.15917969
241.19993591,258.03799438
242.77091980,250.49568176
34.07156372,1258.34680176
34.07156372,1258.34680176
244.81263733,246.64805603
247.03366089,237.31866455
247.03366089,237.31866455
32.76371765,1278.37280273
45.60157776,1214.55932617
215.87712097,390.36318970
276.26419067,99.95673370
132.21240234,799.15124512
130.95317078,805.04565430
224.69386292,353.46163940
39.29399872,1255.78857422
202.98606873,462.02636719
40.81730652,1248.81457520
248.22296143,243.55224609
250.29199219,234.14468384
220.65238953,378.20327759
219.25903320,387.51794434
219.25903320,387.51794434
66.18634796,1134.40905762
42.68473434,1250.88964844
56.42725754,1184.69201660
38.56119919,1272.46411133
41.70941925,1258.87036133
65.38021088,1144.35559082
280.40359497,99.99339294
248.18692017,256.65267944
64.91584778,1153.04760742
264.51345825,178.35452271
264.51345825,178.35452271
43.00946808,1262.22509766
272.72555542,139.40646362
221.07490540,394.68997192
69.38980103,1139.68359375
220.39067078,403.87448120
280.96963501,108.07186127
49.88111115,1242.35742188
272.34097290,147.74252319
85.04317474,1072.27270508
126.52456665,868.23236084
70.47907257,1144.28808594
46.33229446,1263.96459961
173.32395935,640.28515625
173.32395935,640.28515625
241.25717163,308.57519531
227.57250977,377.36120605
222.55737305,400.54852295
175.43879700,633.51074219
240.21533203,315.28945923
280.50869751,117.91582489
103.25363159,992.61035156
272.29348755,158.60363770
65.88554382,1177.41345215
278.18984985,134.42344666
86.70804596,1076.31115723
225.17674255,395.52478027
224.96592712,398.47982788
224.96592712,398.47982788
143.29602051,804.06604004
143.29602051,804.06604004
107.36539459,981.23999023
130.41058350,867.77722168
69.58009338,1171.54382324
177.15226746,641.68865967
69.39785767,1175.41015625
74.11105347,1154.30895996
74.11105347,1154.30895996
261.62973022,227.54562378
261.62973022,227.54562378
261.62973022,227.54562378
61.24803162,1219.72485352
53.16287231,1259.84667969
53.16287231,1259.84667969
226.76991272,401.72122192
275.44198608,161.11170959
133.20059204,867.22839355
235.20088196,361.09976196
235.20088196,361.09976196
278.92987061,147.79336548
59.71906281,1235.15588379
152.83757019,774.71936035
254.55683899,269.31854248
254.55683899,269.31854248
244.10264587,325.14105225
93.52513123,1074.23767090
97.90966034,1056.24938965
227.86041260,413.78585815
300.39733887,54.60485077
260.04876709,266.33233643
260.95071411,261.79507446
179.57434082,668.80670166
179.57434082,668.80670166
107.22096252,1034.49243164
107.22096252,1034.49243164
152.52774048,808.83374023
208.93507385,526.67712402
115.05835724,998.23431396
284.17443848,155.92507935
115.20552063,1003.17669678
108.29123688,1039.63256836
154.42744446,810.49291992
224.44737244,458.66107178
263.92666626,261.34973145
116.89764404,1000.15576172
110.40650940,1034.55468750
116.98160553,1004.90032959
239.80258179,387.27087402
246.10935974,357.82025146
239.68948364,389.84014893
152.13778687,831.12261963
264.55899048,265.45257568
284.72921753,165.35551453
307.48123169,52.58023834
95.33249664,1123.67407227
95.33249664,1123.67407227
158.95495605,804.53283691
267.11080933,259.78009033
158.07429504,810.62371826
283.46243286,180.20079041
58.04078674,1320.58935547
115.89020538,1027.22607422
113.67134094,1038.73339844
113.67134094,1038.73339844
72.14494324,1248.77587891
72.14494324,1248.77587891
146.98020935,874.32153320
302.24594116,88.54329681
116.23227692,1029.99450684
268.08880615,263.15750122
118.83593750,1021.26300049
118.83593750,1021.26300049
265.45028687,278.81008911
114.11990356,1047.14318848
299.82446289,106.77867126
117.97106171,1032.42187500
119.54173279,1025.25610352
121.32647705,1017.95886230
299.24871826,115.91693878
264.91763306,290.48187256
241.89488220,408.25582886
280.53500366,211.26457214
287.35354614,176.96000671
116.34188843,1049.11267090
80.05090332,1236.04711914
164.03512573,809.47296143
271.58386230,263.49526978
270.37274170,269.04104614
1.81746674,1639.13793945
212.89967346,564.51092529
165.72877502,807.00201416
299.35253906,125.74280548
298.85733032,132.41027832
298.85733032,132.41027832
264.44024658,308.18908691
119.56174469,1048.39465332
296.96929932,145.65330505
167.10594177,813.12078857
246.37261963,406.51028442
167.10594177,813.12078857
129.76502991,1004.34149170
129.76502991,1004.34149170
74.17028046,1292.21069336
74.17028046,1292.21069336
297.13235474,149.23976135
120.73906708,1054.20129395
122.19381714,1046.81530762
269.43524170,292.21273804
270.96014404,285.17022705
296.34393311,154.80836487
273.89996338,272.14730835
309.99398804,86.80414581
280.50555420,238.52340698
302.24703979,131.20060730
266.02078247,317.34500122
71.98135376,1315.54736328
84.78636932,1249.21911621
296.81546021,160.03384399
299.95989990,146.73155212
132.12152100,1010.85308838
170.82008362,811.13824463
170.82008362,811.13824463
279.46136475,254.71421814
279.46136475,254.71421814
279.46136475,254.71421814
281.64981079,243.37887573
172.56262207,808.77813721
121.92259216,1070.15234375
272.81622314,294.76400757
127.23189545,1046.04443359
78.84568024,1297.81518555
4.25451946,1683.93847656
260.68515015,361.71304321
308.33782959,118.71329498
251.78964233,409.10162354
269.44525146,320.20483398
229.17660522,528.33410645
1.89269090,1705.59924316
1.89269090,1705.59924316
1.89269090,1705.59924316
299.53662109,167.14103699
104.63483429,1178.72094727
80.84668732,1303.21118164
260.45416260,372.03842163
96.97013855,1221.01147461
265.11694336,348.58993530
92.29056549,1253.10034180
268.45913696,338.08779907
276.02523804,299.27725220
308.85119629,129.11941528
309.05111694,129.06039429
108.08051300,1173.84570312
168.24697876,861.21026611
259.85977173,385.16333008
256.08163452,404.90927124
142.71234131,1002.52264404
287.99633789,240.54602051
258.36956787,394.80294800
264.31121826,364.33044434
231.90382385,532.72143555
316.93817139,92.03497314
291.71313477,222.11024475
271.30487061,329.37484741
146.61148071,980.60717773
294.14971924,211.13082886
291.67065430,226.99057007
268.93899536,346.48782349
138.82754517,1027.21350098
267.81558228,354.94458008
230.90945435,547.60473633
274.14520264,322.88519287
274.14520264,322.88519287
261.21615601,391.84719849
295.74792480,212.23556519
294.86901855,217.89895630
112.13526154,1178.18652344
271.44369507,346.32067871
142.27467346,1025.22143555
323.74356079,75.30606842
260.63903809,406.52697754
241.01562500,509.92779541
291.37515259,246.23995972
310.59729004,149.78056335
310.59729004,149.78056335
271.29226685,353.10757446
184.75532532,807.67242432
190.24635315,778.68951416
269.27093506,364.56832886
183.05619812,817.30474854
276.70120239,329.77047729
94.28904724,1288.76416016
94.28904724,1288.76416016
266.01083374,387.97241211
203.93664551,712.41693115
265.34970093,392.85092163
136.84730530,1068.67370605
290.48843384,260.37286377
139.89758301,1054.00305176
102.58064270,1251.38952637
290.11303711,265.84286499
282.55380249,307.67315674
282.55380249,307.67315674
282.55380249,307.67315674
269.79132080,377.63040161
287.01159668,285.88403320
289.21160889,276.59835815
289.21160889,276.59835815
302.01556396,212.42413330
293.77923584,254.82128906
280.64907837,326.86441040
280.64907837,326.86441040
265.78948975,404.43908691
265.78948975,404.43908691
318.64520264,122.67407990
109.79649353,1233.04418945
287.91314697,289.04254150
289.47070312,281.84780884
269.61154175,389.45370483
293.12759399,266.86233521
190.35217285,811.99468994
321.82974243,115.11667633
107.26538849,1256.87036133
296.41812134,250.08268738
296.41812134,250.08268738
141.76910400,1070.79980469
292.57434082,273.01821899
198.18927002,776.83654785
300.99569702,231.62130737
248.87702942,510.94137573
183.31245422,858.85931396
275.67944336,368.96609497
292.80068970,278.44314575
293.39401245,281.70388794
111.57095337,1248.75537109
146.14952087,1066.91503906
270.57308960,404.25195312
271.68228149,400.58395386
271.68228149,400.58395386
275.35519409,382.02035522
262.61267090,450.62011719
262.61267090,450.62011719
189.91694641,841.75183105
288.07763672,315.97091675
163.60609436,983.20568848
113.61564636,1252.12988281
309.55072021,216.09275818
309.55072021,216.09275818
318.21182251,166.61912537
288.65106201,325.30401611
116.61868286,1250.06433105
198.00933838,812.60083008
254.11097717,514.86383057
285.28158569,349.15661621
299.57870483,276.54144287
319.24377441,169.26419067
134.38040161,1167.75976562
291.03128052,324.01519775
321.53729248,158.72889709
251.69171143,537.18072510
305.65197754,247.61038208
284.09442139,362.66479492
139.35494995,1141.91918945
287.85153198,345.44702148
349.98403931,10.33774376
291.32739258,328.58511353
291.32739258,328.58511353
304.34207153,263.68966675
308.24499512,237.65483093
287.34136963,351.65051270
330.57788086,122.74981689
170.01702881,985.27050781
117.16060638,1273.47045898
292.15515137,332.13345337
269.54742432,452.53872681
298.05740356,302.09149170
329.82012939,133.91395569
329.82012939,133.91395569
286.54208374,366.76461792
295.74035645,319.33706665
210.56324768,781.93316650
290.02725220,352.98843384
174.17532349,981.99401855
272.49179077,450.92926025
272.49179077,450.92926025
286.11999512,375.95925903
296.42456055,323.19488525
260.04440308,520.88104248
354.40270996,8.77516556
8.31508350,1891.99523926
224.83737183,715.36352539
302.76437378,292.23175049
278.58392334,424.59341431
138.73526001,1180.77514648
260.41983032,527.19128418
295.71029663,334.92782593
127.95677948,1249.42016602
127.95677948,1249.42016602
313.43081665,240.14376831
129.52833557,1244.76928711
272.58026123,466.15725708
303.79974365,297.05661011
328.63470459,164.37554932
250.44396973,588.82086182
289.26507568,377.04858398
289.26507568,377.04858398
204.49055481,843.65161133
284.86190796,404.38479614
275.05834961,458.82507324
303.26391602,309.35360718
303.26391602,309.35360718
260.14859009,541.21459961
357.79644775,7.54111576
316.21780396,237.46679688
131.78424072,1247.86840820
272.34881592,478.09503174
231.12493896,705.63299561
319.41107178,221.91586304
250.25030518,602.22155762
351.90237427,46.11962509
15.45119381,1891.22192383
254.28051758,580.94116211
292.19070435,374.60794067
276.66522217,461.48257446
276.66522217,461.48257446
258.69223022,561.24969482
319.56826782,227.37277222
212.51289368,818.39672852
135.03167725,1244.76110840
135.03167725,1244.76110840
319.18267822,233.25874329
288.42370605,403.06710815
288.42370605,403.06710815
256.23275757,579.78857422
276.61868286,468.66839600
253.89129639,593.43579102
284.43316650,427.51058960
138.26502991,1231.34350586
281.46685791,443.25820923
284.43316650,427.51058960
149.61576843,1171.11767578
295.65274048,371.92028809
320.74148560,229.31207275
361.36099243,6.09443617
258.40472412,574.22076416
299.50717163,347.30334473
182.80134583,992.51312256
182.80134583,992.51312256
361.43585205,9.26036930
275.48019409,484.54388428
257.78741455,583.31927490
158.23095703,1132.39111328
222.51617432,772.01495361
222.51617432,772.01495361
136.42283630,1254.16198730
293.26412964,389.71319580
293.26412964,389.71319580
210.67083740,845.64123535
280.24227905,462.38351440
153.28030396,1166.55798340
315.69741821,268.36569214
319.42184448,248.67427063
301.56988525,349.39556885
287.13650513,428.76370239
270.87765503,525.61096191
312.20767212,294.22644043
265.55508423,555.55767822
281.95736694,466.21917725
254.35423279,620.75274658
259.41757202,593.63323975
289.31143188,426.68124390
315.94665527,279.00845337
365.62283325,5.32891989
365.62283325,5.32891989
280.90338135,479.81176758
280.90338135,479.81176758
142.88827515,1248.70251465
219.17687988,824.84655762
254.74365234,628.18408203
315.98535156,286.98776245
156.59893799,1177.03955078
220.44662476,819.96081543
318.87887573,271.69775391
258.80187988,608.84613037
286.28811646,454.99276733
239.90002441,714.00885010
317.34991455,283.11108398
285.42178345,461.16528320
210.67083740,845.64123535
284.55590820,468.81100464
309.30532837,332.16131592
293.25448608,424.28289795
369.05947876,0.42016873
367.94854736,8.80805588
145.74557495,1252.45544434
215.67828369,862.42883301
215.67828369,862.42883301
253.19549561,653.05426025
254.82180786,644.72552490
252.32743835,659.95806885
147.81954956,1244.19067383
147.18753052,1248.75976562
147.18753052,1248.75976562
144.99191284,1263.92443848
318.40332031,293.32879639
169.00627136,1131.72973633
251.85366821,666.91198730
259.49655151,625.20092773
286.80487061,472.59255981
146.68789673,1258.71508789
149.06707764,1246.09460449
149.06707764,1246.09460449
244.45465088,711.38854980
262.23788452,615.62213135
251.83238220,676.01300049
280.81689453,513.34216309
363.74111938,47.46695328
147.48750305,1265.42199707
227.40263367,816.52819824
227.40263367,816.52819824
323.71368408,275.10104370
300.29577637,409.33612061
300.29577637,409.33612061
258.84460449,639.61914062
250.45481873,690.77819824
232.06697083,796.19384766
150.46624756,1256.98327637
365.55169678,44.22058105
252.90556335,680.43041992
316.98718262,318.88479614
228.76466370,822.46881104
284.09701538,510.03762817
153.59834290,1248.45568848
291.21691895,471.38491821
247.71835327,716.84454346
247.95368958,717.24108887
260.40231323,646.21301270
280.66555786,531.98376465
368.57788086,35.40511703
251.54849243,698.09423828
295.04782104,452.08407593
250.00508118,707.40692139
318.35494995,320.74194336
314.29461670,343.12768555
256.41958618,672.65283203
268.38906860,606.89892578
156.41860962,1243.79211426
156.41860962,1243.79211426
282.57440186,530.13153076
170.39546204,1168.85009766
250.41954041,714.79113770
224.72631836,861.25408936
156.40512085,1250.03112793
282.87652588,532.52746582
267.57327271,621.87359619
271.70550537,598.68963623
326.32824707,291.94119263
326.32824707,291.94119263
154.11341858,1268.61071777
369.17004395,46.10731506
369.17004395,46.10731506
282.96011353,538.25915527
156.17350769,1259.64599609
367.42626953,58.38876343
264.90011597,647.54895020
149.44435120,1306.40856934
149.44435120,1306.40856934
302.19265747,434.30642700
302.19265747,434.30642700
298.31414795,461.16760254
371.28427124,42.52292252
278.57009888,571.08569336
300.28201294,448.22457886
309.23895264,398.04833984
310.26184082,392.52117920
313.45596313,377.05444336
180.81762695,1135.01928711
323.41702271,321.58834839
323.41702271,321.58834839
154.37187195,1287.08874512
277.25994873,585.23162842
315.22814941,367.98757935
301.25915527,450.65496826
274.15942383,605.37487793
313.35327148,381.86264038
175.98519897,1168.37597656
213.80720520,956.33660889
323.08560181,334.35079956
308.33541870,416.41531372
315.93463135,373.30215454
281.22946167,572.52685547
282.37756348,567.80102539
277.77203369,593.50604248
241.51721191,803.20550537
288.79669189,532.76147461
312.72390747,394.09896851
286.32388306,549.20422363
286.32388306,549.20422363
286.32388306,549.20422363
286.32388306,549.20422363
313.84222412,388.43548584
246.25500488,777.74847412
280.68414307,580.57440186
267.53405762,659.97436523
267.53405762,659.97436523
244.92317200,795.44421387
305.14669800,449.96047974
275.62283325,620.72119141
324.92599487,340.07025146
324.92599487,340.07025146
236.80497742,849.32073975
280.56298828,597.17315674
280.56298828,597.17315674
369.66720581,81.80911255
337.82104492,270.09246826
316.95254517,391.31710815
275.03170776,633.02478027
236.14921570,859.06561279
236.14921570,859.06561279
62.03301620,1867.70849609
300.24215698,488.27117920
288.72665405,559.92370605
321.62484741,369.39123535
321.62484741,369.39123535
297.93145752,506.61755371
363.77209473,131.30575562
202.50036621,1059.82751465
296.90554810,517.26983643
276.85589600,631.08709717
256.56921387,750.66717529
354.93676758,176.81388855
283.66964722,594.99652100
312.45907593,428.17581177
312.45907593,428.17581177
279.38229370,623.59899902
264.75997925,710.46405029
186.96569824,1162.23291016
194.21058655,1120.21142578
378.38146973,52.04170227
280.96594238,617.62469482
196.30177307,1109.36694336
369.64572144,102.58132172
230.26165771,913.78497314
313.30493164,433.33499146
279.86373901,628.18988037
242.13101196,849.01123047
282.55172729,612.28210449
315.57946777,419.33001709
310.79638672,448.49877930
284.24560547,607.70050049
278.42752075,638.16125488
312.43072510,439.72344971
245.10972595,832.20959473
240.12779236,861.47857666
200.07235718,1098.65454102
230.69432068,918.00646973
286.97631836,592.11920166
278.12271118,642.38897705
316.42037964,421.52557373
197.80958557,1114.94982910
200.82048035,1099.68041992
200.90841675,1099.91845703
200.90841675,1099.91845703
255.01515198,786.14880371
259.57974243,760.07995605
195.99835205,1131.07836914
233.88247681,912.27325439
376.58593750,79.07591248
248.32121277,829.46575928
368.98153687,124.03456879
253.18032837,802.68206787
253.18032837,802.68206787
199.12440491,1119.60607910
199.12440491,1119.60607910
287.43179321,602.46319580
324.09255981,390.67175293
324.09255981,390.67175293
277.99038696,658.70300293
244.57391357,857.67089844
251.00393677,820.70642090
198.92489624,1125.81860352
249.16258240,832.29339600
315.83923340,443.12576294
295.16275024,564.04449463
305.77328491,504.81649780
285.99206543,623.21929932
273.64379883,696.23748779
321.10519409,421.87844849
321.10519409,421.87844849
295.39443970,575.56933594
239.49267578,903.37396240
273.83715820,703.42974854
368.66217041,145.98785400
271.99224854,717.86065674
252.84049988,833.00006104
284.11801147,648.95434570
320.41543579,435.88558960
238.68563843,917.74310303
213.39872742,1068.92443848
301.92138672,548.08520508
300.01525879,560.88677979
278.31878662,690.73480225
310.38278198,500.68038940
375.03713989,121.07380676
76.19114685,1889.36926270
276.32913208,706.07958984
240.98046875,915.82928467
302.43041992,555.63293457
251.87055969,855.94104004
291.14974976,625.11889648
163.97068787,1381.19274902
201.25479126,1164.33056641
344.39199829,315.75955200
307.31228638,536.92498779
374.44894409,139.18081665
295.04644775,603.70971680
295.04644775,603.70971680
304.01470947,562.94720459
283.72833252,683.22357178
255.68728638,859.39685059
293.50393677,636.20355225
373.21798706,156.57522583
372.26531982,162.27598572
301.75030518,584.56701660
270.61715698,770.72570801
273.04620361,759.82116699
261.10552979,830.93341064
261.34552002,833.21881104
266.75512695,800.63250732
275.52655029,756.45361328
274.66494751,761.79681396
281.90322876,719.25665283
274.37222290,764.79058838
282.75115967,715.07153320
262.40646362,836.93011475
261.64965820,846.42620850
262.35897827,841.70678711
265.43179321,840.46569824
212.27478027,1174.69812012
265.60946655,846.10620117
229.03890991,1080.43127441
229.03890991,1080.43127441
221.26818848,1146.30004883
222.00010681,1149.33447266
225.33280945,1137.46691895
224.63879395,1144.35656738
269.61782837,872.37030029
224.42712402,1161.46899414
224.42712402,1161.46899414
225.45982361,1156.82446289
186.83483887,1395.80798340
268.25698853,907.67095947
227.28579712,1169.66552734
201.71696472,1329.30786133
228.70440674,1162.96520996
227.65412903,1176.42700195
212.70925903,1275.94372559
190.51213074,1419.58947754
195.64340210,1390.20434570
213.26416016,1288.47717285
284.04888916,838.59606934
203.58486938,1353.56774902
199.23643494,1383.36157227
203.58486938,1353.56774902
205.54792786,1346.37744141
202.94956970,1368.16711426
204.93045044,1357.61340332
264.74874878,984.40173340
264.54138184,990.11724854
215.33126831,1299.31750488
203.03027344,1378.64721680
200.87962341,1394.68566895
214.25363159,1320.49841309
166.62025452,1622.81970215
263.19714355,1017.39459229
205.90539551,1399.59863281
205.90539551,1399.59863281
207.08216858,1396.59875488
207.87385559,1402.05566406
221.43228149,1314.43041992
162.88059998,1722.05468750
209.69374084,1418.79125977
313.48788452,751.24597168
212.99903870,1399.84057617
212.99903870,1399.84057617
258.98931885,1104.35131836
213.09284973,1407.18676758
210.99468994,1424.77307129
213.31768799,1414.31469727
283.41574097,965.01660156
297.08813477,885.41119385
256.59515381,1147.91101074
224.30284119,1359.71228027
217.13249207,1409.14807129
255.28776550,1164.24023438
289.75012207,951.99029541
421.17166138,88.19175720
216.09757996,1419.98669434
216.09757996,1419.98669434
217.14984131,1424.95068359
218.43246460,1428.99670410
147.14527893,1901.61071777
276.63095093,1057.95007324
222.07524109,1422.86474609
275.84420776,1073.90246582
280.03012085,1060.44226074
228.49462891,1407.14416504
152.46061707,1916.90551758
225.54600525,1436.00305176
308.94058228,884.80096436
230.58473206,1410.78881836
264.48547363,1190.23510742
300.76141357,951.14489746
231.24401855,1413.90686035
233.42770386,1409.23547363
233.78143311,1412.12207031
234.64056396,1413.99865723
236.31988525,1411.00402832
330.61434937,780.08203125
273.84497070,1160.93066406
236.83378601,1416.14001465
269.89132690,1194.55834961
294.21539307,1049.71459961
293.09185791,1055.94079590
240.31417847,1413.45166016
240.29859924,1416.49511719
235.98881531,1446.65637207
235.98881531,1446.65637207
235.61058044,1458.89343262
237.54469299,1451.90429688
237.54469299,1451.90429688
321.06619263,890.55181885
303.22683716,1012.94091797
358.20019531,642.97680664
224.33012390,1557.11657715
224.33012390,1557.11657715
243.87785339,1425.39672852
236.10647583,1485.26904297
293.09225464,1100.37878418
242.63870239,1446.30737305
242.69227600,1444.05749512
217.31918335,1616.39196777
217.31918335,1616.39196777
249.06626892,1408.07910156
249.06626892,1408.07910156
278.39178467,1207.01062012
278.39178467,1207.01062012
280.45916748,1196.47009277
222.01385498,1599.73522949
242.85142517,1461.28796387
243.16734314,1456.31530762
221.55448914,1610.71325684
260.40368652,1346.52673340
242.83938599,1467.63317871
251.30824280,1414.52746582
348.51312256,744.68762207
252.82438660,1406.27832031
291.14407349,1144.79406738
231.55854797,1556.61608887
281.89328003,1209.56762695
243.48817444,1476.48962402
281.24099731,1217.01513672
281.24099731,1217.01513672
251.81115723,1420.43774414
284.81512451,1200.50012207
245.63546753,1473.74621582
287.14624023,1194.66552734
274.24829102,1281.62316895
287.30511475,1190.85998535
285.55389404,1203.92846680
256.70037842,1402.86254883
226.31018066,1614.61486816
265.24191284,1349.73815918
246.05639648,1487.71008301
275.64462280,1291.35437012
275.22021484,1296.70336914
248.92854309,1480.53930664
239.53919983,1549.84826660
239.53919983,1549.84826660
285.96743774,1229.10009766
248.38082886,1490.89221191
216.66496277,1711.52600098
211.82501221,1749.62792969
356.92721558,743.26391602
252.32342529,1475.85998535
252.32342529,1475.85998535
290.46856689,1220.84973145
272.33624268,1354.07617188
282.11843872,1291.65344238
256.08563232,1481.09204102
282.58911133,1296.59094238
351.91708374,811.68896484
256.01889038,1489.48608398
298.58010864,1190.74243164
285.16012573,1293.01416016
280.82733154,1328.16931152
285.51376343,1299.09301758
285.31707764,1305.08374023
312.54144287,1136.62219238
215.16825867,1845.06408691
318.68875122,1137.97338867
307.20791626,1233.04113770
262.10427856,1616.88635254
315.13916016,1234.72631836
266.59976196,1616.83129883
288.27059937,1488.20556641
332.06600952,1185.13525391
292.31527710,1489.42895508
287.19415283,1540.44628906
292.09326172,1507.16174316
295.55078125,1485.92028809
291.56054688,1525.05541992
291.56054688,1525.05541992
291.67428589,1544.28308105
294.36514282,1539.25463867
276.42309570,1683.91430664
360.55453491,1046.45092773
306.61871338,1484.83911133
291.28128052,1614.37463379
282.90246582,1683.38830566
284.25073242,1676.82519531
332.58859253,1329.97753906
291.92822266,1683.20080566
345.60281372,1280.87060547
284.27032471,1770.99108887
344.53927612,1331.07263184
331.27670288,1482.59362793
681.28369141,1681.68615723
687.60601807,1674.40771484
687.60601807,1674.40771484
710.83337402,1897.25439453
733.21917725,1554.68823242
749.28704834,1567.88452148
766.09838867,1406.27001953
806.62585449,1657.58483887
849.84539795,1565.01171875
850.70001221,1615.73913574
851.03601074,1569.57495117
879.16448975,1882.60046387
879.16448975,1882.60046387
967.16430664,1762.26977539
968.10961914,1771.22424316
973.93957520,1759.70239258
978.12677002,1757.44555664
978.12677002,1757.44555664
979.75970459,1776.39160156
981.88220215,1749.16760254
981.88220215,1749.16760254
982.75518799,1765.55017090
986.48150635,1784.24548340
986.61553955,1778.39648438
987.02160645,1756.98547363
986.96032715,1746.16467285
990.50329590,1784.09033203
990.01098633,1750.42736816
1000.49682617,1775.93579102
1000.49682617,1775.93579102
1004.39276123,1771.70654297
1069.43188477,1724.61145020
1070.63293457,1561.57128906
1071.89599609,1585.10180664
1072.75927734,1589.70019531
1074.83776855,1595.06530762
1080.40490723,1681.29736328
1075.72229004,1561.72814941
1078.35681152,1576.79907227
1085.34973145,1592.00573730
1080.48876953,1279.97790527
