4.42043400,73.83617401
2.84790540,103.61640930
7.61676836,100.58351898
10.65222073,102.31125641
14.07089138,99.99861145
18.01175308,100.98089600
10.89453220,135.40715027
14.67117405,138.05459595
21.49221039,129.45584106
14.47420788,204.69665527
32.14570999,158.53750610
42.38728333,132.21879578
42.68994522,132.19691467
42.68994522,132.19691467
28.30500793,198.27796936
48.24720383,130.66828918
1.30036676,296.23294067
1.01508749,306.68582153
13.07511806,278.17446899
8.41137123,304.85250854
12.23903275,293.70257568
14.24649906,287.38711548
59.85883331,127.56735992
66.49305725,120.34696960
13.91087437,313.21673584
77.12226105,90.41687775
77.12226105,90.41687775
49.41399002,191.71885681
47.55130768,202.51808167
77.57048798,97.01895142
14.37934494,327.04330444
14.37934494,327.04330444
59.26588058,167.52740479
51.19056320,199.15213013
54.16897583,192.03482056
24.15727806,300.97186279
76.74481201,114.60452271
20.56993294,320.10311890
15.87960243,340.65112305
49.58033371,225.85003662
49.58033371,225.85003662
49.58033371,225.85003662
52.46064758,215.98506165
79.10866547,120.48060608
79.10866547,120.48060608
57.67860413,200.03883362
57.67860413,200.03883362
80.77951813,116.62598419
23.92680740,324.53729248
55.41224670,217.09220886
17.46166611,371.51251221
30.97471619,323.21075439
36.02737427,307.69522095
68.39212799,189.33654785
65.89459229,199.71736145
65.89459229,199.71736145
28.01836586,338.53314209
26.27337265,349.06536865
64.50769806,210.07543945
64.50769806,210.07543945
45.51110458,280.18023682
80.33847809,152.76969910
80.33847809,152.76969910
68.27532196,197.27304077
67.17720795,202.52151489
67.17720795,202.52151489
31.69621658,334.42068481
42.54085541,297.37411499
42.54085541,297.37411499
30.34512329,343.41906738
66.05944824,212.14585876
66.05944824,212.14585876
27.34802628,356.98562622
20.37817001,389.30599976
20.39945602,389.24359131
18.80333519,396.41729736
34.58634186,339.02359009
18.36334038,401.57061768
23.92136955,382.19976807
17.19560242,407.76660156
45.74771500,304.68127441
16.32265472,414.40148926
14.27770138,425.74337769
25.26231766,386.07174683
48.80680847,299.01919556
56.12427902,273.17282104
13.48684406,431.60314941
17.72579384,416.02517700
20.64052200,409.37997437
47.28172302,314.65243530
89.48997498,158.70928955
26.90996552,392.16915894
94.75838470,140.44161987
17.62406921,427.90313721
30.41779900,383.85171509
57.32820129,285.91073608
57.32820129,285.91073608
15.54539680,441.89990234
46.99767303,325.50680542
102.50979614,118.87202454
55.05801773,302.74176025
14.58676338,455.53637695
20.95065689,433.38226318
47.39378357,338.08959961
14.30301285,465.36233521
119.43097687,71.26130676
81.67819214,213.24652100
83.60966492,207.27427673
37.96084976,383.66372681
37.96084976,383.66372681
109.75086975,113.81673431
51.25424957,335.66879272
58.95804977,307.88363647
49.22999954,346.98852539
122.61925507,70.81960297
46.49304199,358.57031250
46.49304199,358.57031250
22.59031487,451.45281982
22.59031487,451.45281982
54.84149933,331.53784180
73.34061432,262.85043335
49.18494034,357.70498657
69.71335602,283.72955322
44.70762634,380.83123779
67.64120483,294.55166626
34.70906830,419.93563843
28.62677765,449.40817261
104.20727539,163.94850159
104.20727539,163.94850159
104.20727539,163.94850159
87.50288391,229.81750488
16.65042114,501.50518799
79.71255493,261.55532837
38.93766403,416.96649170
22.26897812,481.59246826
22.26897812,481.59246826
91.77275085,218.94300842
43.43994522,404.92260742
31.05478477,452.31564331
108.97570801,155.65191650
39.72225952,420.29486084
39.72225952,420.29486084
31.33159256,455.39804077
51.46594238,379.57562256
30.30815315,460.90338135
30.30815315,460.90338135
29.37827301,467.23599243
112.12915802,152.68391418
71.21228027,309.88412476
71.21228027,309.88412476
36.77785110,441.87719727
13.42654800,533.33416748
65.75414276,335.27755737
43.22883224,421.69760132
43.22883224,421.69760132
34.96560669,453.80584717
25.11970711,492.49771118
75.02652740,302.75091553
29.97819138,476.47415161
68.27694702,331.31338501
110.12177277,171.95777893
110.12177277,171.95777893
66.25480652,342.42294312
48.32868958,414.43984985
80.65685272,291.62173462
129.68966675,103.19960785
72.31693268,324.99963379
72.31693268,324.99963379
76.69826508,308.66253662
45.87024307,428.19656372
38.26055527,458.92849731
29.40374565,494.01449585
35.37543869,471.93112183
35.37543869,471.93112183
69.92167664,339.57870483
64.78684998,359.49246216
64.78684998,359.49246216
49.03010178,420.83789062
49.03010178,420.83789062
29.29779816,497.72546387
29.29779816,497.72546387
69.13677979,344.16986084
31.67908669,490.96072388
34.98273087,478.87899780
133.05914307,99.83836365
52.44290543,413.72387695
29.70270729,504.41683960
29.70270729,504.41683960
106.64730835,207.54898071
63.08953857,376.76623535
59.87137604,389.28793335
70.95142365,346.71234131
72.37368774,341.33779907
29.46770477,510.84100342
59.61933899,394.92761230
59.61933899,394.92761230
39.37103653,474.05230713
30.95245743,507.09292603
28.48759079,518.07263184
28.48759079,518.07263184
136.49470520,100.83261108
86.07961273,297.17352295
38.21781921,484.62353516
91.73954773,278.87863159
76.59256744,340.32812500
76.59256744,340.32812500
43.52183533,470.04345703
56.80052948,419.14077759
56.80052948,419.14077759
55.69607544,424.68756104
58.42560959,414.22964478
58.42560959,414.22964478
127.94599915,144.07563782
60.85185242,406.21035767
117.65922546,184.53543091
117.65922546,184.53543091
91.77238464,288.48016357
56.23288345,427.99755859
88.09148407,305.38919067
94.78561401,279.23226929
85.41169739,318.82885742
85.41169739,318.82885742
62.17499542,411.65447998
126.26846313,163.18774414
126.26846313,163.18774414
87.33119965,316.32131958
125.20153809,168.71896362
125.20153809,168.71896362
94.53391266,289.69256592
90.09837341,307.64541626
60.48070908,424.30468750
60.48070908,424.30468750
89.78307343,310.75930786
142.41043091,104.91597748
83.34583282,338.65036011
123.41849518,183.35961914
119.96506500,198.41786194
119.96506500,198.41786194
82.12820435,350.18106079
70.22035217,397.67666626
70.22035217,397.67666626
89.68240356,321.07949829
63.29575348,425.42825317
63.29575348,425.42825317
74.37211609,382.38278198
53.60114288,467.82839966
53.60114288,467.82839966
70.31707764,403.36724854
59.19994736,448.41436768
83.15898132,355.24795532
69.67896271,410.16213989
65.09697723,428.65280151
66.81249237,422.18853760
66.81249237,422.18853760
79.28736115,373.43334961
79.28736115,373.43334961
57.25702286,463.50018311
57.25702286,463.50018311
68.53654480,430.51467896
68.53654480,430.51467896
59.97734070,465.97802734
78.05854797,397.04049683
71.65412903,427.30148315
71.65412903,427.30148315
61.28067017,468.91494751
61.28067017,468.91494751
97.31686401,325.74002075
36.84737396,568.83221436
72.63893127,433.37329102
138.81164551,171.29843140
32.46299744,597.57427979
138.85740662,175.77052307
70.97534943,451.57638550
70.97534943,451.57638550
72.25593567,446.44467163
72.25593567,446.44467163
79.08277130,419.52841187
136.19882202,191.24530029
136.50178528,191.15975952
134.56063843,201.13090515
97.67356110,349.47888184
101.73011017,334.31622314
101.73011017,334.31622314
104.49485016,323.51818848
18.51518822,670.94012451
171.91596985,57.24246216
100.42006683,345.50381470
100.42006683,345.50381470
82.24902344,419.45147705
102.12094879,339.73953247
71.47763824,464.07839966
112.50659180,302.12979126
110.52480316,310.37728882
96.10049438,368.97610474
69.37601471,477.01434326
80.86254120,431.29544067
80.86254120,431.29544067
27.64825630,646.34234619
139.04359436,197.12907410
66.26934052,492.98876953
176.26086426,53.88254929
68.34482574,491.26495361
14.79253483,708.42016602
97.60173798,374.75579834
77.58576202,456.25289917
66.54042053,502.97674561
82.15043640,440.42105103
95.85367584,386.93646240
95.85367584,386.93646240
92.84922791,399.17187500
87.59456635,421.79098511
121.90445709,288.98840332
121.90445709,288.98840332
125.92823029,279.88308716
1.33467352,788.82653809
93.98007202,411.32278442
183.23495483,53.80476761
183.23495483,53.80476761
123.04994965,300.42034912
88.78057098,442.07299805
128.09165955,281.67053223
90.95549774,435.01116943
101.49439240,396.75997925
87.85888672,454.00790405
0.32344109,813.55364990
85.89842224,467.25396729
8.39048576,786.61682129
8.39048576,786.61682129
127.96840668,299.51541138
40.71197891,659.38464355
129.68586731,293.60156250
2.10076237,819.77026367
77.62316895,508.77627563
156.08064270,186.67863464
156.08064270,186.67863464
77.01462555,514.72198486
77.01462555,514.72198486
78.67503357,518.52386475
78.67503357,518.52386475
2.09590244,836.64404297
99.02060699,435.90588379
0.71670306,844.13671875
190.67131042,58.74613190
8.14974689,818.59948730
8.14974689,818.59948730
89.87254333,485.76229858
30.75371933,735.72418213
30.75371933,735.72418213
30.75371933,735.72418213
27.74197006,749.32867432
94.40465546,477.45736694
83.18365479,526.47143555
83.18365479,526.47143555
209.87675476,0.60723174
0.99668026,874.95965576
102.96218872,448.57452393
102.96218872,448.57452393
1.32469273,884.36126709
169.92112732,178.06146240
32.40083313,764.10980225
174.28587341,173.51490784
174.28587341,173.51490784
100.74735260,484.53421021
75.03447723,599.81860352
114.11719513,435.94192505
37.03701019,766.02233887
37.03701019,766.02233887
154.76422119,267.85156250
176.61183167,175.75447083
31.42153168,791.16107178
183.30459595,150.31973267
20.35412216,843.05773926
20.35412216,843.05773926
180.13917542,166.01824951
10.67155743,886.98590088
178.75390625,176.38810730
178.75390625,176.38810730
9.45182800,896.78271484
108.91495514,474.44540405
10.06332493,896.72015381
159.47833252,261.37081909
25.74131966,833.06781006
178.49143982,187.40560913
43.42541122,772.32324219
27.07619095,842.28332520
159.59085083,277.14013672
159.59085083,277.14013672
23.21204948,861.86358643
225.03739929,0.35974452
41.53573608,789.84753418
189.49769592,158.88418579
189.49769592,158.88418579
130.33818054,414.45907593
130.33818054,414.45907593
27.82466316,856.56347656
41.69153214,805.64147949
127.47476196,436.42709351
191.19006348,162.55610657
100.57730865,555.00030518
193.10958862,156.67520142
102.87020874,547.93823242
37.44907761,830.86151123
105.30915070,545.13787842
189.13142395,185.04356384
189.13142395,185.04356384
30.42777252,877.35913086
190.45828247,187.92927551
110.82575989,537.47204590
39.30892563,848.56176758
42.73947525,838.07843018
174.64709473,265.31832886
110.65301514,546.26098633
161.33813477,334.07034302
165.09634399,319.92544556
176.53843689,273.41836548
158.02095032,357.45217896
205.07377625,151.21566772
162.88410950,336.36627197
162.88410950,336.36627197
204.48466492,164.94276428
166.64401245,332.09573364
181.60235596,266.77227783
181.60235596,266.77227783
222.52584839,86.82917786
185.68988037,251.73966980
51.95979691,845.25750732
51.95979691,845.25750732
162.30610657,361.97766113
163.63568115,357.24685669
0.75726581,1081.30993652
169.70857239,334.67285156
189.03607178,249.21746826
211.30430603,153.29722595
163.07200623,368.58917236
57.26400375,842.58837891
57.26400375,842.58837891
165.43273926,364.40911865
192.65747070,243.83042908
165.20248413,370.13992310
49.53558731,890.58129883
168.66516113,361.52062988
170.10168457,356.17175293
167.75650024,366.71661377
214.93151855,156.40707397
53.97452164,877.21173096
0.55893594,1123.64758301
196.97923279,246.82852173
170.39488220,369.24441528
168.05368042,381.66644287
181.08007812,323.37515259
66.99269104,840.09710693
220.54972839,150.71026611
220.54972839,150.71026611
237.75308228,73.63919830
149.16087341,475.12789917
69.95642853,833.63714600
69.44799805,836.02960205
69.44799805,836.02960205
62.74976730,866.43725586
175.23878479,361.95504761
177.93869019,350.99472046
45.03184891,950.21075439
185.93609619,321.91464233
73.25181580,831.13568115
241.84352112,69.83309174
178.54273987,365.25628662
180.33146667,358.36288452
227.41427612,145.64733887
67.01405334,878.40124512
36.00074768,1022.52508545
182.21472168,358.34362793
79.62739563,825.79156494
79.83817291,829.69836426
79.83817291,829.69836426
55.10666656,947.53222656
15.20587635,1137.10034180
185.04675293,361.72250366
2.31230950,1198.18603516
83.09886932,831.78350830
179.13488770,396.45892334
233.82844543,147.19017029
13.30150700,1158.94726562
86.96762848,823.71759033
79.84051514,856.76397705
179.48175049,402.19064331
232.98330688,157.83532715
164.78312683,471.46044922
10.69199562,1180.60913086
89.83027649,824.11151123
89.83027649,824.11151123
89.19880676,827.18682861
185.78251648,386.31268311
237.44718933,150.83422852
185.51133728,391.55581665
5.61930180,1226.55261230
0.29797620,1254.12573242
15.93299866,1181.98217773
4.78343534,1234.57470703
184.90765381,401.86984253
238.37937927,158.70683289
241.93876648,145.65634155
241.93876648,145.65634155
190.68664551,384.60421753
97.64023590,817.87396240
97.34738922,820.18243408
97.34738922,820.18243408
11.41204262,1219.99230957
22.45198250,1174.14697266
11.77557278,1225.65747070
178.01260376,452.56854248
87.45663452,874.91717529
242.40568542,155.35362244
14.76108551,1219.44274902
192.28875732,392.85876465
10.45523739,1249.40808105
15.90714455,1223.99560547
12.22066975,1242.18212891
197.19888306,377.39761353
246.30181885,149.00677490
106.05475616,812.06085205
195.19839478,394.61322021
106.37191772,815.35424805
106.44561005,815.31475830
8.39165115,1277.14794922
11.63913441,1262.66882324
250.97450256,139.37057495
247.50769043,156.64196777
109.74496460,806.96478271
109.74496460,806.96478271
1.14573324,1319.52355957
198.78376770,388.72274780
1.25900328,1319.62695312
15.08638954,1262.63403320
202.13793945,379.50955200
19.53312683,1245.85351562
16.60177422,1259.74597168
0.79400957,1334.95031738
255.83564758,129.19694519
41.42380905,1143.87707520
111.90821838,811.82043457
16.45176315,1268.46215820
16.45176315,1268.46215820
230.86270142,256.85098267
248.80798340,173.13264465
253.17123413,154.27696228
20.66463089,1260.07666016
116.16059113,807.04260254
26.38225365,1238.23620605
213.23472595,350.17596436
213.23472595,350.17596436
204.44914246,397.71414185
36.23530197,1200.51806641
23.23591423,1263.90356445
203.43154907,407.40896606
207.73666382,387.45468140
207.73666382,387.45468140
124.17964935,788.58245850
43.18695068,1177.81762695
205.30171204,403.37362671
243.63792419,220.36418152
122.20709229,801.86614990
36.28562546,1217.47412109
36.28562546,1217.47412109
35.47031403,1221.43786621
211.69073486,381.65942383
272.46343994,94.39753723
213.41900635,378.12612915
205.32537842,418.84768677
212.62777710,384.97323608
40.44515991,1215.51745605
40.44515991,1215.51745605
131.06752014,781.57025146
127.22535706,800.36895752
247.88690186,219.30343628
39.50892258,1223.02978516
50.36368561,1170.79040527
237.67176819,269.51721191
214.75357056,381.13662720
257.61730957,174.53681946
243.88102722,241.32769775
239.95945740,262.17395020
241.20069885,258.02673340
242.79615784,250.50506592
33.97093201,1259.00354004
33.97093201,1259.00354004
244.91978455,246.64785767
247.01878357,237.36299133
247.01878357,237.36299133
31.95349693,1278.91394043
45.52000427,1214.51269531
215.85795593,390.37280273
276.28997803,99.96926880
132.16392517,799.16705322
131.00660706,805.05493164
224.57229614,353.48016357
39.35210800,1255.83654785
202.97264099,461.98492432
41.16197205,1248.96728516
248.14091492,243.55799866
250.23922729,234.16061401
220.64733887,378.20114136
219.23645020,387.53448486
219.23645020,387.53448486
66.19235229,1134.30480957
42.52886581,1250.83642578
56.41150665,1184.70715332
38.70810699,1272.79272461
41.69399261,1258.89062500
65.30599213,1144.29907227
280.11871338,100.19363403
248.20045471,256.66275024
64.78582764,1153.09973145
264.67108154,177.92576599
264.67108154,177.92576599
43.01021194,1262.20471191
272.83258057,139.27360535
221.09513855,394.76354980
69.41057587,1139.69152832
220.36747742,403.84533691
280.78869629,108.34381104
49.71002197,1242.09631348
273.15591431,147.95414734
84.78849030,1072.39575195
126.51027679,868.24157715
70.34441376,1144.30737305
46.26680374,1263.99780273
173.38778687,640.22277832
173.38778687,640.22277832
241.08885193,308.31753540
227.11666870,377.53802490
222.54168701,400.56375122
175.42538452,633.55450439
240.34686279,315.26837158
280.50460815,117.91587830
102.56079102,993.06579590
272.32379150,158.58894348
65.88131714,1177.36633301
277.99996948,134.36999512
86.68097687,1076.34448242
225.15135193,395.52371216
224.96342468,398.51397705
224.96342468,398.51397705
143.05123901,804.00994873
143.05123901,804.00994873
107.34923553,981.21044922
130.41343689,867.76062012
69.57028961,1171.59997559
177.14849854,641.56274414
69.40034485,1175.32214355
74.09867096,1154.30981445
74.09867096,1154.30981445
261.66534424,227.56031799
261.66534424,227.56031799
261.66534424,227.56031799
61.18704987,1219.98425293
53.14176941,1259.85668945
53.14176941,1259.85668945
226.71652222,401.62060547
275.45010376,161.27621460
133.16163635,867.25189209
235.69546509,361.02755737
235.69546509,361.02755737
278.93148804,147.79734802
59.70319366,1235.15551758
152.82347107,774.72302246
254.81575012,269.22799683
254.81575012,269.22799683
244.18275452,325.12445068
93.40300751,1074.23876953
97.49851990,1055.98278809
227.91415405,413.80560303
300.46862793,54.59889603
260.05490112,266.35650635
260.97515869,261.80023193
179.56617737,668.86041260
179.56617737,668.86041260
107.22213745,1034.50695801
107.22213745,1034.50695801
152.39643860,808.78527832
208.87507629,526.65203857
115.01062775,998.21307373
284.08569336,155.94380188
115.52960968,1003.03802490
108.27332306,1039.60681152
154.27038574,810.40832520
224.46562195,458.66729736
263.92434692,261.42672729
116.88253021,1000.13995361
110.38559723,1034.56726074
116.89984131,1005.10131836
239.83807373,387.25497437
246.01420593,357.80749512
239.75190735,389.81329346
152.15953064,831.16021729
264.47937012,265.66253662
284.75735474,165.34088135
307.48907471,52.42984390
95.32372284,1123.72131348
95.32372284,1123.72131348
158.93721008,804.60418701
267.13217163,259.77539062
158.08947754,810.68432617
283.45138550,180.20350647
57.77941513,1320.71154785
115.86594391,1027.24194336
113.67378235,1038.64392090
113.67378235,1038.64392090
72.21116638,1248.84326172
72.21116638,1248.84326172
146.34432983,874.29309082
302.08551025,88.83972168
116.26486206,1030.04809570
268.08584595,263.17312622
118.91078186,1021.20312500
118.91078186,1021.20312500
265.50869751,278.86331177
114.06652832,1047.12805176
299.84747314,106.78771973
117.98737335,1032.41625977
119.59970856,1025.17297363
121.36047363,1017.92315674
299.25097656,115.96292877
264.90139771,290.64944458
241.88157654,408.22665405
280.63250732,211.25625610
287.45468140,176.94551086
116.30653381,1049.13964844
79.68360138,1235.72875977
163.90574646,809.42187500
271.45144653,263.46383667
270.37646484,269.09133911
1.81494033,1639.16040039
213.15328979,564.71856689
165.72164917,807.01324463
299.35464478,125.73460388
298.64303589,132.65362549
298.64303589,132.65362549
264.28356934,308.27099609
119.58003235,1048.39843750
297.01992798,145.69590759
166.93659973,813.38299561
246.46948242,406.57952881
167.09428406,813.17218018
129.78109741,1004.41650391
129.78109741,1004.41650391
74.05895996,1291.76330566
74.05895996,1291.76330566
297.17218018,149.24542236
120.71195221,1054.14575195
122.18193817,1046.76928711
269.43389893,292.22387695
270.90441895,285.15118408
296.43673706,154.76844788
273.68338013,272.15408325
309.98397827,86.82769012
280.55639648,238.53335571
302.26672363,131.20388794
266.02484131,317.47332764
71.85099792,1315.45788574
84.77246857,1249.22534180
296.86703491,160.06393433
299.96005249,146.74296570
132.10612488,1010.78985596
170.98167419,811.16113281
170.98167419,811.16113281
279.33294678,254.74076843
279.33294678,254.74076843
279.33294678,254.74076843
281.62496948,243.38934326
172.60487366,808.78771973
121.98095703,1070.14099121
272.58663940,294.95263672
127.26672363,1046.07775879
78.89269257,1297.76013184
4.25330496,1684.02307129
260.69711304,361.77359009
307.85687256,118.88668060
251.86880493,409.12463379
269.42050171,320.21270752
229.27934265,528.32415771
1.79409122,1705.58776855
1.79409122,1705.58776855
1.79409122,1705.58776855
299.51010132,167.14118958
104.54791260,1178.83483887
80.65797424,1303.32116699
260.48190308,372.12539673
96.85545349,1220.94836426
265.10882568,348.69482422
92.15725708,1252.93347168
268.42980957,338.11267090
276.00088501,299.28863525
308.82598877,129.12310791
308.82598877,129.12310791
107.91179657,1173.90075684
168.30606079,861.17785645
259.86911011,385.15155029
256.13833618,404.79626465
141.41513062,1002.67291260
287.98376465,240.60177612
258.36911011,394.75683594
264.30734253,364.29727173
231.95956421,532.78247070
316.84597778,91.49255371
291.76931763,222.10269165
271.24053955,329.53689575
146.63656616,980.61285400
294.56625366,211.08485413
291.74139404,226.96704102
268.91091919,346.62890625
138.89324951,1027.23400879
267.79660034,354.97235107
230.96023560,547.53155518
274.08581543,322.87988281
274.08581543,322.87988281
261.22561646,391.91177368
295.85748291,212.24832153
294.86831665,217.89974976
111.98152161,1178.19384766
271.44088745,346.59680176
142.31504822,1025.16906738
323.82046509,75.25907135
260.64523315,406.57537842
240.98776245,509.93017578
291.41226196,246.23875427
309.92077637,150.01860046
309.92077637,150.01860046
271.30395508,353.08871460
184.70855713,807.66986084
190.25608826,778.68408203
269.14627075,364.63900757
182.99095154,817.40026855
276.70843506,329.77719116
94.36352539,1288.67895508
94.36352539,1288.67895508
266.03289795,388.04190063
204.65614319,711.99890137
265.30142212,392.89111328
136.91802979,1068.69421387
290.52645874,260.35775757
139.89636230,1053.98693848
102.76104736,1251.35461426
290.11251831,265.81469727
282.55825806,307.68270874
282.55825806,307.68270874
282.55825806,307.68270874
269.42160034,377.59686279
287.13006592,285.85626221
289.36544800,276.60037231
289.36544800,276.60037231
301.74114990,212.10844421
293.77407837,254.85784912
280.39172363,326.98806763
280.39172363,326.98806763
265.89080811,404.61077881
265.89080811,404.61077881
319.30450439,122.49459076
109.55923462,1232.96325684
287.98773193,289.11163330
289.51718140,281.78860474
269.53149414,389.58441162
293.13314819,266.77340698
190.26408386,812.00793457
321.93008423,115.08856201
106.64338684,1256.50354004
296.55679321,250.01484680
296.55679321,250.01484680
141.76307678,1070.88500977
292.57235718,273.03979492
198.14895630,776.86004639
300.84527588,231.75848389
248.89373779,510.94747925
183.48654175,858.79064941
275.48522949,370.10168457
292.75262451,278.50097656
293.32928467,281.61798096
111.86248779,1248.91821289
146.07745361,1066.93225098
270.53958130,404.27670288
271.67971802,400.59973145
271.67971802,400.59973145
275.29980469,382.05746460
262.62667847,450.60900879
262.62667847,450.60900879
189.87678528,841.70422363
288.32479858,315.99539185
163.63049316,983.19329834
113.60910034,1252.14636230
308.51007080,216.42994690
308.51007080,216.42994690
318.18930054,166.83398438
288.67538452,325.21322632
116.56034088,1249.99060059
198.22451782,812.57446289
254.12438965,514.83489990
285.32604980,349.15676880
299.30133057,276.59960938
319.30575562,169.17102051
134.27964783,1167.71203613
291.06213379,324.17156982
321.95385742,158.62774658
251.68412781,537.24584961
305.61297607,247.61459351
284.39749146,362.68103027
139.89637756,1141.74548340
287.76058960,345.44882202
349.97583008,10.48089790
291.33630371,328.55706787
291.33630371,328.55706787
303.44937134,263.82788086
308.38049316,237.93028259
287.30648804,351.72888184
329.77600098,122.84023285
170.00842285,985.29052734
116.97000122,1273.68725586
291.79248047,332.21884155
269.55236816,452.54513550
298.00885010,302.10836792
329.16769409,134.09959412
329.16769409,134.09959412
286.54312134,366.64907837
295.69464111,319.30914307
210.54054260,781.97515869
290.01651001,353.03939819
174.18826294,982.01251221
272.30239868,450.87536621
272.30239868,450.87536621
286.15808105,375.90423584
296.23602295,323.30151367
260.05923462,520.78576660
354.41326904,8.73573875
8.34872437,1891.98120117
224.85739136,715.22003174
302.68707275,292.24301147
278.56460571,424.60830688
139.82266235,1180.97802734
260.36489868,527.20446777
295.70132446,334.92269897
127.96067047,1249.40319824
127.96067047,1249.40319824
313.59652710,240.15162659
129.52430725,1244.77966309
272.56683350,466.14947510
303.58120728,297.09371948
328.05297852,164.54194641
250.43066406,588.78240967
289.21557617,377.05847168
289.21557617,377.05847168
204.49621582,843.61987305
284.89132690,404.38824463
275.05029297,458.77169800
302.46676636,309.61398315
302.46676636,309.61398315
260.17102051,541.09655762
357.80151367,7.61178970
316.23168945,237.42503357
131.76219177,1247.91186523
272.33630371,478.05822754
231.32666016,704.83917236
319.54257202,221.88322449
250.22387695,602.16302490
351.71865845,45.90604401
15.38942528,1891.28979492
254.30401611,581.02734375
292.17773438,374.53250122
276.63436890,461.43765259
276.63436890,461.43765259
258.46044922,561.46856689
319.90298462,227.30737305
212.44157410,818.34185791
134.98396301,1244.73876953
134.98396301,1244.73876953
319.16955566,233.28411865
288.38287354,403.10607910
288.38287354,403.10607910
256.25405884,579.83825684
276.59411621,468.65267944
253.85705566,593.75726318
284.27249146,427.52362061
138.26634216,1231.31225586
281.49313354,443.27444458
284.45339966,427.45050049
149.47895813,1171.31408691
294.69528198,372.06414795
320.77380371,229.30911255
361.34671021,6.06757402
258.41452026,574.09729004
299.58432007,347.26718140
182.81161499,992.51202393
182.81161499,992.51202393
361.47171021,9.35599041
275.46398926,484.57629395
257.76730347,583.58526611
158.46557617,1132.34460449
223.76173401,772.21704102
223.76173401,772.21704102
136.49420166,1254.18664551
293.30032349,389.71395874
293.30032349,389.71395874
210.84997559,845.64556885
280.29956055,462.52432251
153.28900146,1166.58056641
315.72390747,268.38214111
319.38699341,248.64654541
301.43164062,349.44735718
287.16467285,428.78302002
270.39123535,526.41198730
312.54608154,294.14205933
265.53320312,555.59991455
282.03277588,466.40869141
254.33569336,620.79107666
259.25765991,593.53948975
289.33035278,426.68704224
316.00128174,279.04873657
365.59368896,5.42246628
365.59368896,5.42246628
280.95892334,479.83242798
280.95892334,479.83242798
142.87380981,1248.72473145
219.15710449,824.81225586
254.73086548,628.18725586
316.01770020,286.99462891
156.32206726,1177.13342285
220.49188232,819.97814941
319.03067017,271.67425537
258.66973877,608.93249512
286.28494263,455.06939697
239.92071533,714.00427246
317.35180664,283.05627441
285.43389893,461.25863647
216.46412659,847.47210693
284.56039429,468.79455566
309.31063843,332.16873169
293.00164795,424.35632324
369.04598999,0.40779763
367.95077515,8.81517124
145.77195740,1252.48156738
215.65359497,862.42700195
215.65359497,862.42700195
253.11996460,653.15460205
254.74975586,644.82153320
252.18707275,659.91094971
147.87428284,1244.14929199
147.15658569,1248.78479004
147.15658569,1248.78479004
145.00639343,1263.83154297
318.37344360,293.39141846
168.90499878,1131.74523926
251.84429932,666.90295410
259.39126587,625.41693115
286.80023193,472.53088379
146.65032959,1258.95251465
149.05201721,1246.15954590
149.05201721,1246.15954590
244.44508362,711.28753662
262.20056152,615.62274170
251.73330688,676.04449463
280.84140015,513.38684082
363.76345825,47.46329117
147.47906494,1265.46240234
227.26193237,816.59405518
227.26193237,816.59405518
323.61526489,275.20251465
299.76483154,409.48028564
299.76483154,409.48028564
258.94052124,639.63970947
250.35668945,690.44824219
232.05900574,796.23181152
150.47404480,1256.95544434
365.58779907,44.22616959
252.91712952,680.24676514
317.32266235,318.80053711
228.73493958,822.53350830
284.05178833,510.08300781
153.66647339,1248.39050293
291.15661621,471.35330200
247.74209595,716.91162109
247.84577942,717.11163330
260.40841675,646.16418457
280.73382568,532.05456543
368.57785034,35.37729263
251.54518127,698.00964355
295.03894043,452.12313843
249.94839478,707.41198730
318.32797241,320.68719482
314.45193481,343.09002686
256.42553711,672.66436768
268.36404419,606.91693115
156.44667053,1243.72167969
156.44667053,1243.72167969
282.56481934,530.06671143
170.32009888,1168.94360352
250.38931274,714.79138184
224.69705200,861.27484131
156.42083740,1250.06665039
282.84997559,532.57830811
267.47439575,621.88024902
271.80007935,598.64434814
325.75027466,292.09011841
325.75027466,292.09011841
154.11187744,1268.64831543
369.20690918,46.10849762
369.20690918,46.10849762
282.92166138,538.23095703
156.14273071,1259.57446289
367.94619751,58.06209183
264.83020020,648.02587891
149.47589111,1306.22863770
149.47589111,1306.22863770
302.54745483,434.28012085
302.54745483,434.28012085
297.83139038,461.28070068
371.29104614,42.47122192
278.62243652,571.06982422
300.22546387,448.21936035
309.27777100,398.07589722
310.72076416,392.42428589
313.48678589,377.03549194
180.84286499,1134.97387695
323.29187012,321.75378418
323.29187012,321.75378418
154.39567566,1287.06408691
277.35394287,585.17156982
315.51559448,367.96395874
301.10733032,450.68359375
274.19262695,605.38140869
313.37182617,381.91567993
175.95591736,1168.38061523
213.78179932,956.33197021
322.24755859,335.22009277
308.29244995,416.43771362
315.93313599,373.28408813
281.25723267,572.42413330
282.21475220,567.85388184
277.78726196,593.48828125
241.32771301,803.28277588
288.62826538,532.82446289
312.88192749,394.09979248
285.82778931,549.53027344
285.82778931,549.53027344
285.82778931,549.53027344
285.82778931,549.53027344
313.92288208,388.46014404
246.24597168,777.71002197
280.69958496,580.61956787
267.53662109,659.98321533
267.53662109,659.98321533
244.92939758,795.40765381
305.16964722,449.96740723
275.65353394,620.68884277
324.66857910,340.13717651
324.66857910,340.13717651
236.74775696,849.30700684
280.54306030,597.13354492
280.54306030,597.13354492
369.96774292,81.69089508
337.68127441,270.19494629
316.90637207,391.33602905
275.14685059,632.97271729
236.19459534,859.06115723
236.19459534,859.06115723
62.14627838,1867.68957520
300.74316406,488.13076782
288.51141357,560.01910400
321.58758545,369.45178223
321.58758545,369.45178223
297.97052002,506.62191772
363.29666138,129.12863159
202.66053772,1059.79833984
296.40808105,517.47528076
276.86740112,630.91247559
256.68646240,750.63806152
355.75460815,176.49977112
283.67218018,594.88531494
312.47879028,428.32626343
312.54678345,428.08215332
279.36810303,623.62194824
264.70156860,710.38482666
187.07116699,1162.23571777
194.27827454,1120.37976074
378.33776855,51.99167252
280.98654175,617.66546631
196.38018799,1109.33190918
369.84613037,102.49483490
230.30322266,913.89721680
313.18508911,433.36026001
279.80007935,628.23175049
241.85664368,849.01171875
282.55731201,612.26922607
315.82928467,419.28912354
310.81198120,448.50292969
283.48815918,608.24090576
278.38607788,638.00323486
312.46118164,439.75967407
245.10575867,832.23455811
240.12532043,861.54595947
199.67449951,1097.29223633
230.71551514,918.14978027
286.68679810,592.25354004
278.12075806,642.38317871
316.43087769,421.48580933
197.99566650,1114.76672363
200.83560181,1099.73400879
200.88003540,1099.89709473
200.88003540,1099.89709473
254.99481201,786.17266846
259.58987427,760.11877441
196.18432617,1130.97583008
233.85647583,912.30737305
376.56475830,78.97209167
248.38854980,829.54400635
369.06872559,124.00016785
253.23843384,802.72247314
253.23843384,802.72247314
199.13035583,1119.64611816
199.13035583,1119.64611816
287.52365112,602.46813965
323.75900269,390.75765991
323.75900269,390.75765991
277.99798584,658.72192383
244.55758667,857.67272949
251.01492310,820.70251465
198.99752808,1125.74426270
249.09687805,832.27581787
315.87591553,443.04663086
295.25485229,564.02398682
305.72994995,504.88479614
286.05316162,623.18499756
273.67419434,696.28417969
320.69018555,421.79467773
320.69018555,421.79467773
294.50631714,575.77185059
239.49014282,903.47564697
273.87457275,703.47680664
368.76504517,145.91708374
272.11422729,717.79943848
252.78865051,832.97930908
284.05734253,648.98266602
320.33575439,435.70590210
238.72019958,917.83154297
213.44560242,1069.48864746
301.86315918,548.10223389
299.97177124,560.83935547
278.21661377,690.79479980
310.50650024,500.65002441
375.03375244,120.97241211
76.29659271,1889.51635742
276.32019043,706.09838867
240.97566223,915.97595215
302.61056519,555.38372803
251.91407776,855.93432617
291.17648315,625.12268066
163.96095276,1381.13000488
200.60369873,1164.37219238
344.33358765,315.87731934
307.48071289,536.85491943
374.44467163,139.37263489
296.72067261,603.09552002
296.72067261,603.09552002
304.02557373,562.98638916
283.97854614,683.36297607
255.32080078,859.06475830
292.64712524,636.38433838
373.22235107,156.52955627
372.29891968,162.35784912
301.70053101,584.52581787
270.63912964,770.77062988
273.05218506,759.83935547
261.18341064,830.88232422
261.27236938,833.12640381
266.74450684,800.65368652
275.50350952,756.45111084
274.64825439,761.83679199
281.73147583,719.34295654
274.38940430,764.67565918
282.80816650,715.00134277
262.49334717,837.14324951
261.50479126,846.00683594
262.32885742,841.65496826
265.18569946,840.22912598
210.48574829,1175.32604980
265.33309937,845.72363281
228.95326233,1080.41308594
228.95326233,1080.41308594
221.19651794,1146.78564453
221.95384216,1150.08691406
225.31579590,1137.22583008
224.58760071,1144.39123535
269.90850830,872.66107178
224.30386353,1161.73046875
224.30386353,1161.73046875
225.40632629,1156.88293457
186.75161743,1395.88537598
268.19515991,907.77185059
227.26005554,1169.73632812
201.81182861,1329.59313965
228.74870300,1163.07324219
227.58155823,1176.27709961
212.65547180,1276.15173340
190.49534607,1419.54321289
195.63322449,1390.26586914
213.29910278,1288.95764160
285.90417480,837.93060303
203.64941406,1353.78088379
199.02635193,1383.42822266
204.00689697,1354.89025879
205.56674194,1346.29797363
202.89048767,1368.17089844
204.75437927,1357.18176270
264.73040771,984.04907227
264.45236206,990.45501709
215.35607910,1299.36218262
203.03486633,1378.91174316
200.75210571,1394.71423340
214.20846558,1320.32519531
166.54606628,1623.00366211
263.12860107,1016.71765137
205.82139587,1399.71948242
205.82139587,1399.71948242
206.93840027,1396.62976074
207.74787903,1402.01110840
221.63417053,1314.66809082
162.14038086,1721.64135742
209.67254639,1418.70104980
313.81265259,751.10375977
212.94522095,1399.89782715
212.94522095,1399.89782715
258.96166992,1104.43518066
213.16242981,1407.06225586
211.01081848,1425.01074219
213.34234619,1414.33874512
283.42877197,964.98571777
297.26861572,884.85400391
256.65475464,1147.81872559
224.21054077,1359.75976562
217.21237183,1409.21069336
255.27745056,1164.33032227
288.11743164,951.30981445
421.19046021,88.12338257
216.07795715,1420.02087402
216.07795715,1420.02087402
217.01351929,1425.03967285
218.43515015,1429.09155273
147.09822083,1901.73303223
276.40972900,1058.05261230
222.05882263,1423.09216309
277.05834961,1073.71154785
279.99325562,1060.32995605
228.50999451,1407.23876953
152.60746765,1917.37316895
225.61877441,1436.22082520
309.48809814,884.50775146
230.55680847,1410.86987305
264.35949707,1190.21875000
300.72830200,950.68792725
231.20121765,1413.94067383
233.33416748,1409.29699707
233.68917847,1412.19372559
234.79252625,1414.16760254
236.32044983,1411.09521484
330.78536987,780.02722168
274.35290527,1160.69604492
236.88024902,1416.05346680
270.13796997,1194.59863281
293.27532959,1049.67529297
293.04983521,1055.88476562
240.35980225,1413.56347656
239.89399719,1416.80346680
235.94323730,1446.65905762
235.94323730,1446.65905762
235.56880188,1458.86462402
237.52192688,1451.97302246
237.52192688,1451.97302246
320.98144531,890.52716064
303.41860962,1012.85742188
358.34173584,642.88024902
224.27902222,1557.26184082
224.27902222,1557.26184082
243.88322449,1425.44873047
235.65649414,1485.43017578
293.03979492,1100.40075684
242.35289001,1446.18811035
242.66346741,1444.19519043
217.59690857,1616.40747070
217.59690857,1616.40747070
248.92277527,1408.08544922
248.92277527,1408.08544922
278.51077271,1207.15246582
278.51077271,1207.15246582
280.94189453,1196.32727051
221.98422241,1599.75573730
242.44686890,1461.46423340
243.25466919,1456.37243652
221.50791931,1610.95349121
260.43212891,1346.65625000
242.93182373,1467.64550781
250.74821472,1414.09692383
348.53094482,744.65722656
252.70632935,1406.24633789
291.12921143,1144.80322266
231.42745972,1556.39123535
281.99411011,1209.55053711
243.30189514,1476.47521973
281.07977295,1216.88684082
281.07977295,1216.88684082
251.77363586,1420.45983887
284.84872437,1200.46166992
245.60946655,1473.84729004
286.58419800,1194.59643555
274.06558228,1281.24316406
287.16033936,1190.90087891
285.58480835,1203.86413574
256.86010742,1402.83276367
226.74484253,1614.73071289
265.34701538,1349.77868652
245.79522705,1487.81555176
275.71118164,1291.48034668
275.24685669,1296.80187988
248.96368408,1480.52624512
239.64816284,1549.93872070
239.64816284,1549.93872070
285.83123779,1229.43615723
248.32406616,1490.97387695
216.67686462,1711.33471680
211.86936951,1749.80151367
356.69604492,743.28875732
252.28684998,1475.87707520
252.28684998,1475.87707520
290.44308472,1220.74511719
272.44601440,1354.13720703
282.11990356,1291.40844727
256.04837036,1481.29016113
282.58087158,1296.62536621
351.81127930,811.65686035
256.17346191,1489.58508301
298.63208008,1190.52551270
285.19268799,1292.97180176
280.64190674,1328.22131348
285.49411011,1299.14440918
285.26544189,1305.01904297
312.35333252,1136.62292480
215.14004517,1845.29785156
318.75930786,1138.00122070
307.23675537,1233.06787109
262.11160278,1617.01855469
315.05072021,1234.78808594
266.45617676,1616.91308594
288.18057251,1488.11364746
332.02972412,1185.20739746
292.35968018,1489.10070801
287.12750244,1540.71337891
292.09262085,1507.05651855
295.43811035,1485.88818359
291.54888916,1525.06933594
291.54888916,1525.06933594
291.92532349,1544.35949707
294.37103271,1539.60192871
276.46902466,1684.07336426
360.30175781,1046.50061035
306.60379028,1484.90466309
291.31845093,1614.49096680
282.98159790,1683.52795410
284.23834229,1676.99572754
332.66320801,1330.04553223
291.92440796,1683.35864258
345.52978516,1280.91564941
284.30410767,1771.17297363
344.60556030,1331.00683594
331.16076660,1482.70788574
682.04315186,1681.22973633
687.63220215,1674.39855957
687.63220215,1674.39855957
709.60534668,1897.69641113
732.81359863,1554.74328613
749.75402832,1568.09362793
765.74871826,1406.46337891
806.85449219,1656.85339355
849.77441406,1565.02600098
850.60833740,1615.08471680
850.82794189,1569.63391113
878.97186279,1882.62841797
878.97186279,1882.62841797
967.16998291,1762.20397949
967.94091797,1771.28210449
973.91772461,1759.72827148
978.12817383,1757.35314941
978.12817383,1757.35314941
979.74676514,1776.39050293
981.91210938,1749.06860352
981.91210938,1749.06860352
982.65142822,1765.42565918
986.48809814,1784.18286133
986.49359131,1778.44604492
987.18060303,1756.78112793
987.12542725,1746.07360840
990.28668213,1784.09020996
989.86340332,1750.35559082
1000.40838623,1775.88842773
1000.40838623,1775.88842773
1004.09777832,1771.97375488
1069.44665527,1724.61645508
1070.53039551,1562.42260742
1071.83752441,1585.21850586
1072.76892090,1589.73376465
1074.81469727,1595.08386230
1080.33520508,1681.30310059
1075.59777832,1562.06677246
1078.45690918,1576.64306641
1085.24426270,1591.78894043
1080.75366211,1279.93652344
