61.04345322,1283.05529785
52.21273422,1352.59729004
58.02777481,1323.45520020
54.65457153,1358.72143555
63.63199997,1364.73803711
97.28342438,1207.82421875
75.15244293,1452.76037598
118.51100159,1255.46508789
128.13124084,1219.70056152
124.80556488,1257.07067871
135.01306152,1289.88806152
147.56637573,1227.56933594
153.95164490,1202.16821289
166.44512939,1144.34960938
156.56556702,1224.57409668
161.45321655,1229.34069824
187.19154358,1062.71142578
186.99372864,1118.61901855
214.85313416,1074.15222168
220.36531067,1037.53112793
224.58802795,1035.92236328
214.08010864,1141.18688965
222.82089233,1069.61071777
227.78471375,1102.03857422
222.51562500,1153.76660156
239.91380310,1051.67663574
242.61160278,1053.71093750
238.40449524,1141.58337402
251.16963196,1055.92346191
252.44128418,1079.30151367
262.15264893,1052.29113770
262.33230591,1096.65063477
271.45715332,1100.64770508
283.39459229,1127.22302246
247.79960632,1692.10351562
258.32577515,1729.70361328
266.93167114,1717.28454590
276.12680054,1660.78967285
276.12680054,1660.78967285
287.69918823,1651.51452637
290.42938232,1649.47192383
291.06243896,1642.05456543
292.19772339,1656.10656738
301.13793945,1642.52709961
325.12445068,1249.71240234
303.50619507,1646.74145508
328.31997681,1253.30578613
306.06228638,1642.76684570
312.07598877,1642.97082520
339.02105713,1248.98315430
315.15484619,1728.99023438
340.49996948,1245.40014648
345.19369507,1176.82189941
346.87991333,1255.11889648
334.93386841,1575.54455566
350.58453369,1261.39184570
337.38479614,1543.40112305
353.42822266,1265.49621582
354.02963257,1256.18383789
337.04937744,1719.38989258
358.18362427,1247.23229980
366.00134277,1251.51135254
370.00814819,1247.96850586
370.00814819,1247.96850586
356.08294678,1653.74536133
375.66394043,1252.72180176
382.29953003,1255.50891113
378.01876831,1645.86926270
387.68109131,1252.65148926
389.33340454,1256.26635742
377.97924805,1695.05871582
377.97924805,1695.05871582
389.51565552,1335.85241699
381.69461060,1695.73156738
388.38049316,1700.15478516
400.54409790,1171.18920898
390.74270630,1680.88964844
390.74270630,1680.88964844
393.33148193,1662.18066406
393.51788330,1698.30322266
394.69485474,1687.76159668
398.77972412,1658.49328613
400.69702148,1666.26538086
400.63287354,1700.19250488
400.63287354,1700.19250488
410.38543701,1713.09350586
415.30572510,1725.39721680
416.67208862,1708.52526855
420.05389404,1715.15209961
423.75891113,1728.57116699
423.75891113,1728.57116699
455.19274902,1642.46765137
462.44946289,1726.26489258
471.90463257,1728.28344727
476.99932861,1729.43054199
476.99932861,1729.43054199
477.32043457,1663.87854004
479.57229614,1659.78332520
492.66488647,1750.98645020
499.12973022,1661.19201660
500.54425049,1649.86083984
504.75305176,1737.32116699
505.27859497,1650.61340332
514.84033203,1757.51782227
517.64556885,1646.45104980
521.19335938,1742.89611816
520.22692871,1656.77062988
524.95660400,1782.62890625
526.11236572,1761.02807617
526.11236572,1761.02807617
526.27819824,1753.86340332
525.43493652,1666.40368652
526.40264893,1648.54040527
538.78710938,1763.97570801
550.13537598,1765.95056152
552.19458008,1763.14086914
565.38824463,1790.05126953
564.75646973,1776.02453613
569.27343750,1759.61669922
570.56170654,1752.83874512
602.59918213,1776.44616699
606.87805176,1788.75427246
608.90521240,1735.68554688
610.13818359,1718.96520996
662.38574219,1634.42346191
668.58294678,1640.16748047
668.58294678,1640.16748047
713.69067383,1050.42187500
723.81762695,1033.02172852
1045.60400391,1844.54919434
16.19547462,1447.43786621
73.55303955,1296.91613770
103.09234619,1212.99401855
103.48778534,1207.61706543
109.72933960,1201.79296875
111.40143585,1200.05786133
111.53373718,1235.95971680
113.96952057,1196.63830566
113.77233124,1308.77502441
122.31119537,1390.93762207
131.36962891,1323.04589844
131.36962891,1323.04589844
135.03152466,1311.55786133
136.35705566,1316.52600098
141.58546448,1351.37585449
124.09640503,1657.88415527
149.74203491,1387.49743652
143.71629333,1498.96350098
153.83673096,1419.67163086
155.80175781,1445.76940918
160.08395386,1459.62255859
170.82875061,1301.60827637
172.04458618,1312.01599121
175.84848022,1320.46691895
176.57489014,1308.24694824
180.30133057,1305.20434570
179.59625244,1323.42846680
181.08654785,1307.19030762
181.78248596,1313.73559570
182.66407776,1344.12500000
184.15672302,1317.97473145
180.62208557,1401.08581543
188.19328308,1346.73474121
205.00799561,1391.45141602
205.43910217,1396.63110352
210.32507324,1364.97314453
213.26802063,1354.17529297
211.90313721,1370.65759277
216.35890198,1354.96630859
219.67218018,1359.04370117
221.77436829,1353.15454102
221.77436829,1353.15454102
225.46945190,1348.51135254
225.46945190,1348.51135254
228.92327881,1352.86486816
231.81724548,1346.30859375
231.81724548,1346.30859375
227.73634338,1488.14807129
227.73634338,1488.14807129
238.05622864,1347.26110840
233.70999146,1459.46545410
241.92042542,1345.60827637
239.94445801,1394.53503418
239.94445801,1394.53503418
242.49877930,1349.74975586
243.42213440,1385.77307129
242.93402100,1394.90100098
248.03981018,1384.30529785
248.75117493,1372.34619141
291.75054932,1290.34667969
292.05215454,1331.67785645
298.02154541,1269.29907227
298.02154541,1269.29907227
302.07641602,1275.48132324
307.37374878,1272.19262695
326.30166626,1194.74621582
326.51858521,1192.31457520
326.51858521,1192.31457520
323.48205566,1267.22839355
327.32928467,1199.68493652
328.69754028,1186.55566406
329.12658691,1197.17224121
330.00354004,1194.23535156
330.50543213,1267.98229980
335.87466431,1192.82238770
342.99920654,1183.68908691
338.44125366,1278.85302734
346.73648071,1280.12561035
334.22152710,1593.05554199
348.64385986,1269.90478516
348.64385986,1269.90478516
350.59036255,1238.36401367
350.59036255,1238.36401367
351.55322266,1222.41528320
340.52133179,1553.70166016
354.79418945,1270.82934570
356.41299438,1242.22546387
356.41299438,1242.22546387
356.76025391,1261.61791992
359.71838379,1228.66711426
350.89761353,1463.41381836
361.47616577,1257.47485352
363.46759033,1230.38525391
363.02026367,1244.45288086
354.40704346,1438.28393555
362.39364624,1271.18847656
364.41180420,1262.13964844
365.04119873,1248.05407715
366.67727661,1229.07934570
364.80911255,1282.22399902
366.12316895,1266.87194824
362.84954834,1395.28588867
353.38635254,1618.94946289
372.68118286,1187.17797852
373.47247314,1267.79199219
377.63793945,1174.00964355
372.72076416,1488.89660645
378.03536987,1234.81982422
380.30236816,1232.23779297
379.22711182,1264.03454590
379.06707764,1273.21679688
382.29382324,1235.56628418
382.35128784,1268.77453613
383.95846558,1273.76745605
385.76266479,1264.67834473
387.90621948,1227.62890625
388.19564819,1269.15783691
383.82116699,1383.56860352
390.57131958,1274.50549316
392.66439819,1265.14990234
405.55139160,967.42633057
404.20092773,1017.47869873
402.10708618,1066.18737793
402.10708618,1066.18737793
401.52597046,1100.02441406
403.23492432,1079.60473633
406.28921509,1009.10882568
406.28921509,1009.10882568
395.27713013,1269.73852539
396.07739258,1274.97021484
400.35589600,1194.57434082
407.27389526,1038.70495605
407.27389526,1038.70495605
392.55908203,1406.12976074
406.67214966,1086.93994141
406.67214966,1086.93994141
392.55908203,1406.12976074
399.60858154,1270.49621582
400.82250977,1275.66052246
405.62591553,1181.30566406
417.04815674,925.24340820
406.83972168,1171.90441895
416.57458496,945.95800781
416.57458496,945.95800781
418.98498535,918.40423584
418.98498535,918.40423584
403.55895996,1281.05761719
412.41943359,1076.54406738
404.20730591,1270.70898438
416.78457642,978.37091064
404.94131470,1262.16906738
409.93438721,1149.77563477
409.65402222,1170.38940430
419.47586060,948.88323975
406.09979248,1275.74230957
412.08517456,1136.64135742
415.19003296,1079.08142090
415.19003296,1079.08142090
422.08782959,917.44750977
419.46447754,984.50598145
407.91384888,1267.16979980
416.25036621,1083.34997559
423.53973389,930.08941650
423.53973389,930.08941650
420.95657349,993.47949219
420.95657349,993.47949219
409.96661377,1271.50805664
415.36737061,1170.98034668
412.64218140,1267.35485840
425.61862183,960.49670410
424.74615479,993.53210449
425.22418213,987.28179932
426.77081299,945.64971924
423.16839600,1046.19201660
418.65438843,1159.61877441
418.65438843,1159.61877441
428.22457886,933.64855957
414.22827148,1272.19897461
429.43847656,921.71044922
414.58493042,1276.98046875
425.67565918,1031.67272949
417.07617188,1268.34765625
426.39990234,1063.35168457
421.76449585,1183.61682129
418.70858765,1282.68310547
419.44860840,1272.84387207
420.71865845,1264.34643555
431.89642334,994.54956055
429.33200073,1065.88806152
433.03216553,991.17291260
428.17364502,1112.55456543
425.41625977,1183.92138672
413.13421631,1590.28344727
433.37881470,1012.35052490
429.60800171,1116.09497070
424.02291870,1269.53649902
428.10079956,1177.20568848
427.97436523,1187.52624512
433.22219849,1066.73034668
426.48532104,1273.59826660
430.79159546,1174.29602051
427.59063721,1264.80078125
432.57684326,1158.80786133
431.01284790,1199.67651367
429.20129395,1260.46630859
429.08026123,1278.78784180
429.08026123,1278.78784180
436.59655762,1137.05700684
431.61148071,1274.57653809
443.56430054,988.13275146
446.37649536,916.77917480
432.87753296,1252.01635742
433.55447388,1244.54589844
432.79263306,1265.58789062
444.37576294,1001.68194580
437.02609253,1165.47570801
436.12106323,1212.55358887
434.56130981,1262.67016602
433.97888184,1279.29504395
447.94412231,944.89270020
449.69714355,921.46728516
435.54833984,1270.59240723
438.21109009,1209.60241699
451.01602173,901.21423340
439.65502930,1189.49108887
451.91854858,890.99566650
444.13290405,1100.36645508
437.38729858,1275.03417969
453.76171875,874.48541260
453.76171875,874.48541260
438.87701416,1266.04211426
441.85159302,1196.15576172
441.80334473,1206.08898926
441.68878174,1211.41284180
443.32522583,1176.03820801
440.87600708,1242.34033203
440.87600708,1242.34033203
439.92535400,1279.57641602
439.92535400,1279.57641602
439.92535400,1279.57641602
439.92535400,1279.57641602
443.61129761,1197.82653809
441.09231567,1271.60925293
442.86459351,1227.03222656
444.96481323,1204.24792480
445.06781006,1225.07995605
454.96362305,970.06958008
446.89733887,1201.34680176
445.72668457,1229.67187500
447.71749878,1187.43286133
451.47137451,1108.52258301
447.97601318,1234.36547852
458.40661621,985.33013916
450.62945557,1184.01855469
446.99783325,1275.92736816
450.99362183,1192.81945801
460.60687256,971.89459229
460.60687256,971.89459229
457.00897217,1090.95898438
453.43719482,1188.37829590
454.22570801,1178.27307129
455.94464111,1153.87951660
463.16238403,970.42102051
455.75741577,1166.02294922
456.81542969,1141.60754395
463.25201416,976.51190186
458.12890625,1116.89843750
456.00579834,1181.74719238
456.00579834,1181.74719238
455.18151855,1232.93872070
453.94290161,1276.85253906
456.92324829,1198.04528809
466.47863770,974.23150635
457.27435303,1219.66418457
468.46453857,935.26647949
468.46453857,935.26647949
459.48303223,1179.01550293
458.22235107,1229.97021484
456.84155273,1267.61547852
474.74642944,859.89758301
464.73651123,1182.89257812
464.07778931,1236.65417480
472.92340088,1004.38891602
470.57940674,1082.75708008
467.02334595,1180.75000000
467.03594971,1193.61816406
464.79486084,1273.97692871
468.44171143,1191.12915039
468.95227051,1185.93322754
467.75057983,1227.38610840
474.37078857,1075.04150391
474.37078857,1075.04150391
484.89413452,809.25762939
470.78176880,1183.22009277
470.78176880,1183.22009277
472.26205444,1189.87915039
472.26205444,1189.87915039
471.81744385,1270.19567871
474.27734375,1275.22399902
467.98773193,1452.30383301
487.34362793,958.93475342
487.34362793,958.93475342
469.56231689,1459.78039551
479.90454102,1181.59558105
479.95986938,1190.19909668
479.95986938,1190.19909668
479.95986938,1190.19909668
482.06832886,1187.94104004
485.00540161,1191.98095703
488.62957764,1101.44555664
486.04049683,1187.72143555
488.27581787,1131.23486328
488.02191162,1149.47766113
489.52023315,1117.96093750
487.40750122,1180.48925781
490.19686890,1123.62426758
493.50122070,1048.80187988
491.30981445,1110.44311523
491.30981445,1110.44311523
485.74655151,1271.34606934
493.77835083,1065.81140137
495.62609863,1028.49438477
490.70700073,1167.39721680
490.99157715,1182.13012695
494.09646606,1107.88476562
494.24511719,1130.94555664
492.02322388,1188.87377930
499.29037476,1008.43933105
493.37973022,1173.18444824
493.37973022,1173.18444824
500.43109131,983.63183594
489.23806763,1286.29345703
489.23806763,1286.29345703
489.23806763,1286.29345703
489.23806763,1286.29345703
494.43008423,1184.69458008
494.93627930,1177.46813965
498.39675903,1092.99597168
498.39675903,1092.99597168
495.41784668,1180.64855957
499.35156250,1074.74389648
499.35156250,1074.74389648
495.40917969,1193.66735840
500.62002563,1096.68225098
500.62002563,1096.68225098
500.99456787,1091.04809570
494.24664307,1284.08410645
508.61428833,953.27972412
500.38754272,1177.92968750
499.20712280,1221.27966309
501.87667847,1159.17724609
501.51428223,1173.42053223
509.75213623,945.91516113
499.22348022,1235.60668945
498.29095459,1275.50830078
515.25329590,837.63470459
507.26751709,1060.29650879
515.97583008,825.50140381
515.97583008,825.50140381
515.97583008,825.50140381
513.86242676,887.66204834
507.61694336,1066.53356934
502.54583740,1206.69238281
503.31887817,1188.34204102
512.06707764,950.18731689
503.87341309,1179.55444336
506.89941406,1103.88818359
504.74807739,1175.09167480
519.26531982,781.78607178
510.38037109,1040.04943848
510.38037109,1040.04943848
504.40896606,1201.41662598
518.53991699,828.60565186
518.10919189,839.51739502
518.10919189,839.51739502
520.73626709,768.29565430
504.14108276,1225.80895996
520.93658447,762.19171143
513.65277100,971.97692871
504.14108276,1225.80895996
513.06140137,996.15435791
507.10504150,1157.09118652
514.94464111,943.73156738
508.15887451,1137.11401367
505.97467041,1217.00500488
511.42840576,1082.56372070
510.75112915,1103.14294434
504.66574097,1278.18103027
513.04040527,1044.34533691
512.48907471,1063.21252441
512.89709473,1056.48779297
508.34112549,1193.35729980
508.30056763,1203.04028320
520.74743652,858.32684326
522.86047363,800.39135742
521.96191406,835.35852051
509.37390137,1184.84350586
523.81768799,788.49896240
524.57507324,776.78179932
517.80224609,967.13983154
520.03143311,907.21618652
522.30236816,850.66619873
516.22344971,1021.88165283
516.22344971,1021.88165283
519.25946045,942.00146484
523.91040039,814.00256348
511.47274780,1168.30786133
522.33166504,874.34002686
522.34844971,898.71875000
525.78125000,805.41625977
525.03149414,828.86206055
510.06497192,1247.25061035
510.06497192,1247.25061035
517.17297363,1050.90002441
526.51458740,792.54272461
518.04150391,1038.13964844
524.08428955,866.26165771
527.50726318,781.09863281
512.25878906,1213.25476074
520.78247070,988.32226562
521.66918945,982.73486328
523.91912842,921.94683838
523.91912842,921.94683838
524.40808105,906.12725830
514.76696777,1199.45703125
520.45153809,1041.60412598
520.88299561,1047.88537598
526.01068115,918.74316406
517.59692383,1164.99829102
516.73022461,1192.82104492
517.48516846,1187.47363281
517.75927734,1196.98413086
524.28961182,1016.39886475
518.56195068,1209.25305176
525.22937012,1021.33245850
525.22937012,1021.33245850
518.20159912,1224.57543945
536.34503174,720.60015869
536.52844238,745.17474365
522.20074463,1177.05908203
527.25036621,1055.64489746
527.25036621,1055.64489746
539.67846680,719.08862305
540.99969482,698.66528320
524.17468262,1183.53894043
523.16693115,1239.67211914
526.85351562,1169.70263672
526.85351562,1169.70263672
525.70233154,1205.33837891
542.34655762,723.37561035
542.41741943,731.22631836
531.96746826,1026.62316895
543.24212646,725.14813232
542.73840332,751.13323975
529.12554932,1163.61169434
546.80334473,661.12695312
546.80334473,661.12695312
527.42828369,1216.59570312
528.85455322,1182.23767090
529.00091553,1211.70532227
547.17944336,720.14111328
532.17779541,1152.62939453
532.32775879,1170.32751465
533.16107178,1165.68164062
533.16107178,1165.68164062
532.29119873,1201.35668945
535.44500732,1118.93701172
535.86340332,1111.07885742
549.37982178,729.28857422
536.76477051,1097.79504395
537.37811279,1082.41162109
524.44549561,1463.03967285
534.90405273,1186.80529785
534.90405273,1186.80529785
534.78167725,1208.01489258
537.82263184,1116.56701660
559.13958740,524.67413330
538.32794189,1147.53576660
538.24182129,1174.79687500
538.70892334,1162.42541504
538.70892334,1162.42541504
552.16937256,781.88165283
538.42657471,1184.18371582
536.91864014,1233.19543457
536.95373535,1233.45642090
544.82366943,1020.61865234
538.39459229,1213.31909180
540.54895020,1156.39160156
540.54895020,1156.39160156
540.90502930,1152.35559082
539.49371338,1197.67810059
554.34936523,753.94848633
546.24090576,1013.03594971
557.37518311,688.87878418
544.32196045,1058.08190918
557.68139648,707.00781250
539.84124756,1229.17565918
539.84124756,1229.17565918
542.65045166,1163.51831055
553.02563477,858.15649414
543.24450684,1159.34533691
543.24450684,1159.34533691
554.53796387,829.61755371
553.90789795,849.69146729
543.08001709,1173.73168945
564.32922363,536.29034424
550.14257812,967.76031494
544.06781006,1150.34228516
560.52838135,697.94238281
550.63647461,1015.74572754
544.06958008,1229.75000000
562.10833740,705.95294189
557.64398193,821.18310547
558.68890381,809.43658447
556.97644043,862.78350830
563.17572021,684.66912842
548.05932617,1138.21215820
557.95660400,858.49633789
550.97155762,1107.16723633
563.48992920,750.09100342
549.84893799,1160.13989258
548.91809082,1205.12268066
555.77496338,1010.90356445
561.54974365,847.88427734
548.10205078,1253.05200195
552.60906982,1139.05480957
552.13580322,1173.30395508
552.57995605,1166.53503418
564.11224365,844.99536133
554.23822021,1144.28906250
564.72167969,838.50622559
563.54394531,886.04510498
561.13427734,964.91491699
561.13427734,964.91491699
556.72735596,1107.07446289
567.07788086,807.39691162
557.99554443,1089.81140137
565.76544189,860.67102051
560.95922852,1006.83343506
567.01287842,843.29876709
566.98516846,851.50994873
556.56384277,1174.37390137
556.13873291,1196.49267578
556.50469971,1201.09399414
560.03674316,1102.05725098
564.02551270,987.70941162
562.81298828,1026.26464844
563.07879639,1036.97766113
559.83764648,1144.89086914
565.89483643,966.92639160
559.61340332,1168.85339355
559.61340332,1168.85339355
564.91986084,1018.19085693
568.02038574,930.42938232
571.23565674,869.19891357
571.18841553,854.02832031
571.23565674,869.19891357
559.41442871,1222.34033203
562.74749756,1136.39270020
567.21539307,1001.77728271
566.62426758,1015.45526123
560.94873047,1201.14160156
569.44464111,968.87072754
568.55731201,998.07281494
573.34643555,853.97192383
564.90216064,1130.96179199
569.89556885,1004.37817383
577.03778076,805.28924561
564.31958008,1197.30053711
580.52117920,706.82061768
578.81018066,761.13220215
566.41510010,1140.28662109
578.65588379,767.73577881
579.33197021,747.85949707
578.38916016,780.82269287
579.24676514,755.77911377
579.80364990,741.54418945
576.95440674,859.17858887
574.53344727,939.98907471
574.53344727,939.98907471
568.69024658,1123.05737305
572.94403076,999.12475586
583.90020752,670.50183105
571.96868896,1035.63830566
571.46496582,1056.27893066
571.75897217,1049.13745117
568.04925537,1167.07434082
568.04925537,1167.07434082
575.77655029,933.70086670
582.74792480,723.20483398
580.15527344,808.36523438
582.47387695,748.20605469
581.00183105,797.87854004
587.85772705,593.16955566
583.26013184,737.86584473
584.95092773,690.30908203
582.73559570,767.39892578
569.33489990,1181.42529297
580.59204102,842.74523926
575.91070557,996.95001221
580.53387451,857.77282715
573.22198486,1113.39294434
574.09753418,1089.07348633
575.39202881,1053.88867188
575.24566650,1059.79003906
574.45745850,1083.13159180
577.16497803,1002.43792725
576.26159668,1037.95874023
593.06591797,516.06549072
573.06542969,1141.27929688
572.17669678,1155.33496094
588.81677246,684.64910889
575.53009033,1097.96630859
585.85217285,783.40710449
589.87109375,667.79528809
574.95550537,1130.76196289
593.04608154,583.47692871
579.71069336,998.05078125
582.82495117,939.20410156
577.54364014,1115.63049316
577.54364014,1115.63049316
591.10638428,713.02569580
586.43927002,849.67224121
594.94903564,587.50567627
586.27227783,862.66857910
591.96685791,687.06884766
591.96685791,687.06884766
593.18261719,678.63079834
582.57476807,1013.15051270
585.62103271,921.46374512
585.62103271,921.46374512
583.69726562,983.91754150
583.43804932,997.56024170
582.02630615,1041.57470703
597.74102783,550.06951904
586.12823486,915.86248779
586.12823486,915.86248779
594.43756104,671.00274658
584.50390625,978.06066895
584.50390625,978.06066895
582.72515869,1034.20739746
579.92144775,1123.95910645
596.67248535,598.94195557
596.67248535,598.94195557
586.20703125,935.20861816
582.08410645,1070.87707520
582.08410645,1070.87707520
582.08410645,1070.87707520
597.77221680,582.42138672
593.23596191,727.04949951
583.85699463,1019.62377930
593.61688232,720.14562988
580.51928711,1132.10034180
579.59387207,1161.65502930
596.07092285,645.74835205
596.07092285,645.74835205
581.30621338,1115.83898926
600.34899902,519.24530029
582.72155762,1077.44689941
582.72155762,1077.44689941
589.08459473,885.21191406
595.44116211,683.05999756
586.27087402,975.30200195
601.01281738,523.92480469
586.36462402,1000.31225586
585.84448242,1024.17529297
597.36505127,656.04180908
598.39019775,626.85351562
598.39019775,626.85351562
586.51196289,1009.59326172
586.51196289,1009.59326172
586.51196289,1009.59326172
596.32324219,705.39953613
583.01696777,1126.18420410
583.01696777,1126.18420410
590.40844727,897.37084961
590.40844727,897.37084961
582.80029297,1139.81799316
598.30279541,661.35113525
595.16107178,763.28424072
595.16107178,763.28424072
600.37603760,601.33630371
599.11914062,642.99053955
598.32659912,673.55718994
584.27380371,1134.46423340
584.55291748,1121.04785156
583.48065186,1158.41760254
594.56878662,819.98632812
583.69128418,1149.76806641
591.43713379,915.88128662
599.70214844,665.82427979
594.38641357,841.56732178
577.42907715,1383.21313477
590.09576416,986.24707031
567.47137451,1710.62170410
591.89697266,934.65264893
572.57830811,1548.47949219
586.50671387,1111.17822266
600.16278076,683.00933838
599.80364990,701.18725586
594.14935303,880.70715332
594.14935303,880.70715332
584.55920410,1188.56604004
592.83691406,922.07800293
590.13928223,1013.87823486
587.93707275,1096.08691406
587.93707275,1096.08691406
602.13238525,644.74468994
586.83856201,1137.30871582
591.11407471,1005.06622314
588.73193359,1088.44543457
604.42529297,593.70654297
588.94500732,1092.43701172
574.74365234,1542.65209961
591.24194336,1020.19549561
588.31976318,1118.66174316
598.81738281,787.17755127
587.41894531,1156.50988770
598.03173828,825.66455078
598.03173828,825.66455078
596.29571533,885.56896973
588.16870117,1146.49841309
600.76666260,746.40856934
600.76666260,746.40856934
587.25079346,1180.40625000
591.60144043,1041.71337891
591.26379395,1056.71984863
602.94482422,695.88226318
598.99237061,818.64428711
591.13281250,1072.45080566
589.68212891,1126.59985352
572.80920410,1673.02893066
606.47650146,598.45642090
590.82940674,1099.07080078
590.82940674,1099.07080078
598.83813477,843.73834229
605.21289062,638.12646484
590.48254395,1121.86743164
605.79528809,648.06921387
597.89129639,902.99053955
597.89129639,902.99053955
604.78253174,687.47467041
603.46862793,738.69354248
573.44995117,1711.03906250
573.44995117,1711.03906250
591.51861572,1144.23815918
595.54022217,1016.57086182
607.16046143,636.89776611
573.62365723,1718.14074707
573.62365723,1718.14074707
592.23876953,1133.86474609
610.13793945,559.25225830
598.87042236,923.74218750
592.05590820,1148.26440430
592.57977295,1129.82226562
592.57977295,1129.82226562
619.64562988,258.00457764
591.14434814,1178.99975586
598.99884033,929.07727051
594.08038330,1088.01159668
593.39172363,1115.43725586
595.37634277,1062.00219727
596.35894775,1031.11132812
591.00439453,1210.69531250
595.91943359,1054.16381836
608.51593018,649.31018066
591.23065186,1205.93225098
598.75036621,965.03820801
596.52221680,1038.61218262
595.25299072,1084.26916504
595.75128174,1076.15051270
593.17236328,1167.76745605
614.81011963,471.74005127
607.61645508,707.77905273
607.61645508,707.77905273
607.61645508,707.77905273
610.44769287,632.91876221
607.67846680,734.01727295
609.68725586,670.39947510
609.68725586,670.39947510
602.60784912,905.52764893
609.16644287,693.55670166
594.26641846,1177.40185547
594.26641846,1177.40185547
594.37585449,1173.67712402
606.61706543,783.54394531
606.61706543,783.54394531
578.31726074,1713.46020508
611.43920898,638.91479492
611.15203857,646.26000977
614.21179199,558.93145752
597.45556641,1101.77343750
596.50482178,1141.91320801
601.45220947,983.59838867
594.90429688,1202.68835449
600.04870605,1038.17431641
598.16265869,1097.67687988
598.16265869,1097.67687988
599.06909180,1081.54309082
575.10137939,1860.14892578
575.10137939,1860.14892578
617.97296143,474.20196533
597.96209717,1126.29870605
577.21533203,1811.56054688
600.61877441,1051.06616211
601.76385498,1018.81726074
596.84521484,1180.42675781
601.44519043,1034.36230469
601.44519043,1034.36230469
578.72283936,1779.78063965
612.18157959,697.55718994
612.18157959,697.55718994
616.87915039,549.55499268
580.80139160,1729.10107422
604.82354736,952.11749268
581.48382568,1712.45715332
581.48382568,1712.45715332
600.97210693,1079.31701660
606.20062256,910.83691406
608.74310303,828.91522217
610.29846191,781.24963379
611.07220459,754.52124023
613.30871582,683.63348389
613.17535400,702.76440430
607.37060547,892.88085938
613.59948730,690.83813477
600.46362305,1139.68530273
605.28039551,980.55108643
605.28039551,980.55108643
600.31707764,1149.10534668
601.56982422,1114.79272461
599.74975586,1174.57373047
616.04888916,645.47802734
601.76055908,1110.76159668
601.76055908,1110.76159668
621.21704102,487.79406738
616.82275391,628.38348389
586.51086426,1625.79077148
604.68719482,1036.42846680
583.97790527,1714.29406738
619.95739746,544.31866455
605.12371826,1031.90502930
605.12371826,1031.90502930
613.51348877,770.34558105
614.06799316,756.87213135
601.38806152,1179.65039062
583.84979248,1760.06127930
600.04382324,1235.87756348
618.70825195,636.61883545
624.39514160,450.99710083
620.89257812,573.06817627
600.77276611,1230.52600098
608.43548584,980.81213379
617.68939209,678.31304932
609.22314453,976.71057129
617.62384033,708.69464111
605.29974365,1112.45690918
606.60845947,1068.70495605
616.26104736,761.62127686
605.58044434,1116.75207520
605.58044434,1116.75207520
613.62622070,882.09179688
606.84088135,1107.21557617
618.53948975,721.44903564
603.59588623,1222.71081543
591.41888428,1631.89318848
591.41888428,1631.89318848
605.76995850,1158.51696777
608.03320312,1089.36315918
612.59014893,939.10083008
588.89105225,1721.56188965
588.89105225,1721.56188965
588.89105225,1721.56188965
615.61712646,839.00573730
605.43463135,1175.28588867
608.02752686,1102.78186035
608.02752686,1102.78186035
608.02752686,1102.78186035
610.41412354,1028.24597168
610.41412354,1028.24597168
611.45977783,997.47619629
609.99639893,1049.82934570
620.59960938,705.35247803
625.32464600,553.44152832
621.33392334,686.50775146
622.23077393,665.95251465
617.47576904,823.74273682
610.46203613,1058.55346680
599.62548828,1418.34924316
609.41198730,1114.12158203
589.93103027,1758.61755371
623.89990234,644.55560303
608.19683838,1170.16784668
610.21746826,1109.39245605
622.58258057,702.75299072
622.58258057,702.75299072
622.53430176,718.28973389
627.56945801,557.34619141
611.67919922,1104.36181641
613.14654541,1056.85498047
608.94085693,1197.51110840
630.47326660,481.25354004
614.61163330,1012.92364502
614.61163330,1012.92364502
624.83282471,669.28662109
631.95758057,440.58160400
610.95495605,1158.64550781
610.40240479,1175.15002441
617.58465576,949.66900635
616.30139160,993.86962891
625.48291016,693.14489746
613.77301025,1086.41979980
612.90014648,1117.10327148
620.09112549,882.91265869
592.20770264,1816.05493164
592.20770264,1816.05493164
627.18853760,654.68463135
627.18853760,654.68463135
600.20458984,1549.08093262
593.53753662,1784.16064453
593.53753662,1784.16064453
600.90557861,1537.76940918
626.06152344,699.82147217
613.95043945,1107.20874023
613.91906738,1111.57299805
595.74658203,1732.83178711
619.50439453,940.33880615
613.48406982,1142.00683594
628.52819824,646.81372070
596.32788086,1716.21533203
633.40057373,483.18579102
633.40057373,483.18579102
615.18884277,1095.98901367
596.38604736,1724.43444824
618.70233154,983.69647217
614.27252197,1132.18115234
615.94024658,1077.86987305
617.89862061,1015.05975342
617.89862061,1015.05975342
617.89862061,1015.05975342
633.28765869,503.17465210
600.94281006,1592.03967285
614.68768311,1165.58837891
628.78887939,677.58093262
623.21191406,880.55419922
629.13488770,688.53503418
616.94989014,1100.41711426
616.94989014,1100.41711426
635.08447266,495.64151001
631.67919922,622.21789551
622.06378174,944.83929443
630.70507812,650.25445557
604.01037598,1552.95373535
629.47302246,696.83343506
629.47302246,696.83343506
617.34143066,1114.48840332
620.78002930,1005.16900635
599.55010986,1718.74084473
619.56701660,1052.09265137
615.21588135,1222.33679199
618.19036865,1108.68566895
632.55010986,622.11584473
623.37628174,939.88250732
637.64129639,461.56808472
625.91180420,862.70910645
621.54547119,1027.81750488
632.94049072,648.35742188
619.49090576,1103.50390625
622.28308105,1011.29998779
638.92877197,452.32830811
607.88891602,1524.99401855
620.24298096,1091.05139160
633.87536621,633.74066162
601.49670410,1703.55541992
620.85784912,1074.29064941
606.90283203,1561.80175781
617.65832520,1192.49890137
624.94134521,950.28558350
623.52856445,995.56298828
623.52856445,995.56298828
634.84161377,619.60241699
619.05712891,1170.37255859
625.53448486,946.30468750
619.49139404,1153.75622559
639.89501953,466.38113403
639.29321289,494.96154785
639.29321289,494.96154785
626.69067383,934.66448975
626.53845215,940.19079590
626.53845215,940.19079590
623.40435791,1050.65771484
609.04968262,1532.61279297
624.95776367,1001.77069092
624.56573486,1017.46716309
624.56573486,1017.46716309
623.12176514,1065.18481445
624.02453613,1040.23144531
626.32196045,968.70660400
624.43719482,1033.72229004
626.32196045,968.70660400
636.34094238,637.07153320
620.91284180,1163.10900879
626.51690674,985.17950439
635.44354248,688.27264404
622.37835693,1137.20666504
623.80694580,1093.18176270
642.89093018,443.80618286
626.33941650,1008.11224365
626.33941650,1008.11224365
624.91528320,1060.93701172
612.44250488,1499.90295410
642.11267090,469.26171875
637.50878906,641.82196045
637.50878906,641.82196045
623.83276367,1105.27624512
623.82537842,1127.34631348
612.40447998,1517.46496582
637.63653564,653.61785889
628.77758789,961.60119629
628.77758789,961.60119629
624.87823486,1100.40930176
627.20410156,1023.16900635
637.81201172,666.74157715
632.13189697,863.26574707
637.67297363,678.44049072
623.45239258,1166.17163086
628.34600830,991.88714600
631.33813477,908.12109375
631.33813477,908.12109375
644.91784668,436.71908569
606.48852539,1769.39282227
609.46875000,1680.02807617
626.63690186,1083.21740723
626.63690186,1083.21740723
626.63690186,1083.21740723
638.46337891,691.38421631
624.92852783,1160.56701660
629.21295166,1013.97454834
629.94604492,987.94512939
629.94604492,987.94512939
627.60742188,1073.11340332
638.90313721,684.25006104
633.64752197,870.73608398
633.64752197,870.73608398
614.38043213,1533.45153809
641.08905029,618.11682129
627.56494141,1094.57653809
628.49407959,1061.93725586
628.26574707,1077.79614258
627.28778076,1112.29882812
641.18383789,642.97479248
638.95245361,722.98413086
641.80389404,635.51086426
627.55249023,1123.98388672
627.38220215,1133.65307617
628.54553223,1107.32458496
615.74023438,1546.32275391
648.39324951,429.79605103
632.88592529,973.98016357
638.61773682,776.56298828
638.61773682,776.56298828
642.17620850,660.82196045
627.01824951,1188.41442871
631.46960449,1035.58764648
616.13201904,1575.40710449
632.15783691,1019.93988037
629.95758057,1101.57482910
633.24908447,987.94946289
632.86108398,1003.38854980
641.94592285,691.65155029
632.89556885,1015.20080566
634.66375732,956.65557861
635.68048096,922.39758301
613.12451172,1702.20458984
628.98803711,1165.81091309
631.09362793,1096.45446777
637.06036377,888.67053223
618.02056885,1532.47253418
618.02056885,1532.47253418
634.39880371,983.15637207
631.52490234,1092.00097656
636.60308838,918.10430908
612.83398438,1692.95727539
614.26312256,1708.86376953
644.87475586,650.72149658
631.57556152,1110.52124023
638.55682373,872.47772217
638.55682373,872.47772217
646.34259033,610.88525391
634.51232910,1026.15942383
610.49322510,1859.29113770
610.40051270,1871.64538574
631.90753174,1131.61560059
632.48895264,1120.91284180
620.14135742,1554.19506836
645.80218506,665.37872314
634.82531738,1048.12036133
613.57086182,1761.79199219
638.89239502,908.85003662
641.86706543,812.16528320
614.17297363,1782.01306152
635.68200684,1041.71435547
637.76824951,969.39685059
639.19537354,923.68908691
639.19537354,923.68908691
636.67395020,1016.92858887
634.65075684,1093.88818359
634.65075684,1093.88818359
647.21276855,655.47998047
635.24700928,1072.55712891
615.34094238,1781.93395996
643.46917725,798.46899414
633.55352783,1141.55419922
648.68438721,614.94036865
634.88763428,1098.36633301
633.09637451,1161.29309082
646.85772705,680.79058838
646.85772705,680.79058838
644.91845703,763.88250732
635.85766602,1088.48962402
619.93927002,1640.91931152
642.20367432,868.55065918
639.99664307,948.32299805
623.67266846,1525.46484375
640.82873535,937.50207520
645.74737549,769.99121094
639.48229980,996.11944580
641.97613525,913.54473877
641.97613525,913.54473877
649.07739258,663.58721924
649.07739258,663.58721924
636.14923096,1117.60876465
622.81951904,1562.38037109
623.34222412,1570.26977539
640.12768555,990.43591309
641.97613525,913.54473877
623.34222412,1570.26977539
649.55664062,658.25518799
625.98669434,1503.71386719
640.90063477,973.88415527
642.89849854,906.70959473
620.11370850,1710.93676758
637.32379150,1106.43591309
649.47009277,684.92565918
637.50000000,1101.97265625
637.50000000,1101.97265625
625.13653564,1542.83508301
650.78216553,643.67340088
644.15991211,890.18017578
652.74951172,583.98657227
644.47399902,874.13995361
625.46624756,1552.23486328
651.68157959,633.98803711
638.95147705,1082.54040527
641.76916504,984.88055420
643.45947266,934.00665283
647.08569336,808.40173340
653.27203369,605.25219727
651.71508789,675.36157227
651.71508789,675.36157227
653.23547363,624.91900635
644.15643311,949.01232910
644.15643311,949.01232910
652.05322266,660.43682861
638.18487549,1160.79943848
622.83721924,1700.85034180
647.24841309,849.93695068
647.24841309,849.93695068
637.68579102,1189.09887695
639.01232910,1143.66003418
640.22125244,1095.11621094
640.83380127,1089.87182617
640.83380127,1089.87182617
642.70178223,1022.81384277
625.24676514,1640.57983398
643.76104736,991.08624268
643.76104736,991.08624268
653.77416992,639.33178711
643.58392334,996.16162109
637.83868408,1204.34448242
637.83868408,1204.34448242
624.35760498,1697.88183594
645.41333008,944.67089844
645.41333008,944.67089844
647.64752197,879.93731689
646.44219971,924.76696777
653.66546631,666.97045898
653.66546631,666.97045898
646.91162109,910.38256836
648.26489258,861.55297852
644.33233643,1003.29888916
646.18365479,939.70989990
629.24023438,1543.59875488
642.47369385,1076.19006348
645.86688232,956.26287842
641.11920166,1126.52416992
644.16601562,1019.77124023
653.58123779,693.38378906
653.58123779,693.38378906
642.58508301,1085.50122070
650.98931885,785.77008057
621.34497070,1836.57226562
645.97149658,933.10375977
643.31390381,1066.84130859
643.80963135,1051.61779785
644.25299072,1036.41162109
639.26867676,1211.25354004
648.58074951,885.93182373
648.58074951,885.93182373
642.22454834,1115.70581055
642.22454834,1115.70581055
642.22454834,1115.70581055
650.56774902,825.10406494
650.56774902,825.10406494
626.00109863,1689.18103027
629.85137939,1564.46777344
621.49133301,1879.68701172
621.49133301,1879.68701172
643.21423340,1103.09570312
643.21423340,1103.09570312
631.14855957,1537.76452637
630.89691162,1550.18176270
644.59350586,1059.71765137
649.95312500,876.28839111
649.95312500,876.28839111
640.71545410,1206.57910156
657.83093262,602.87945557
625.05816650,1772.00317383
644.12249756,1098.10559082
644.12249756,1098.10559082
643.04833984,1137.80126953
648.54736328,945.09100342
627.01007080,1708.34313965
649.76739502,899.01922607
649.44696045,914.72357178
657.80731201,621.74224854
648.26409912,960.52545166
648.26409912,960.52545166
643.03167725,1155.92700195
657.10260010,655.45678711
657.10260010,655.45678711
646.60107422,1031.53649902
645.47448730,1091.57458496
653.27740479,815.29693604
650.49755859,925.31085205
650.49755859,925.31085205
658.72711182,631.02960205
623.94085693,1876.99707031
645.02081299,1116.03100586
655.59790039,758.13592529
653.81903076,828.00646973
660.42340088,593.42663574
650.92694092,936.59222412
647.17425537,1073.93554688
629.01934814,1724.46154785
647.30395508,1068.98437500
646.18481445,1123.03894043
655.74963379,777.87304688
658.42028809,687.43817139
655.72406006,791.88427734
646.22271729,1129.41064453
646.22271729,1129.41064453
646.22271729,1129.41064453
649.64654541,1015.60772705
649.64654541,1015.60772705
649.64654541,1015.60772705
628.11590576,1795.52478027
646.16101074,1150.71630859
649.46636963,1031.89941406
651.61999512,958.66473389
661.13494873,624.87030029
661.97680664,598.26281738
654.17529297,879.84747314
650.94348145,998.44964600
648.33239746,1099.90344238
656.17297363,820.58117676
653.14556885,933.44934082
654.36932373,896.50427246
662.82568359,592.97021484
650.99578857,1028.20715332
654.59649658,910.48022461
653.80596924,940.29534912
647.10247803,1184.39440918
660.24444580,718.35235596
660.24444580,718.35235596
649.72155762,1094.70825195
649.72155762,1094.70825195
662.65887451,635.06542969
648.39398193,1155.93652344
659.34448242,761.24224854
663.13482666,615.34881592
658.38763428,797.23376465
651.28393555,1055.22570801
651.28393555,1055.22570801
651.88586426,1038.62194824
662.42633057,662.92022705
657.07354736,856.04919434
657.07354736,856.04919434
651.35375977,1070.89489746
659.83990479,774.11755371
659.83990479,774.11755371
632.46502686,1780.37585449
668.90252686,457.83090210
659.80126953,769.72930908
659.71997070,789.27441406
653.37261963,1020.56433105
661.45007324,735.97027588
632.86273193,1772.60107422
664.99743652,613.05603027
652.90765381,1050.06835938
648.73822021,1214.07250977
652.98944092,1078.45397949
667.62780762,546.61279297
671.02423096,425.06726074
654.51977539,1028.58679199
659.57409668,846.30932617
655.47973633,995.37994385
653.73718262,1060.25952148
669.48376465,493.02975464
658.73748779,892.01177979
664.49121094,680.33483887
655.35449219,1011.36059570
655.73535156,1001.60675049
656.89801025,962.07537842
636.02392578,1726.36291504
636.02392578,1726.36291504
661.78472900,793.42797852
658.98626709,906.64477539
636.27465820,1733.68713379
654.12963867,1096.40917969
640.20013428,1594.53051758
652.90155029,1133.36962891
672.70062256,415.18212891
635.05377197,1786.46887207
633.53186035,1841.95471191
663.47058105,756.18634033
652.96154785,1151.02185059
652.96154785,1151.02185059
672.15118408,467.11026001
669.95031738,550.40264893
664.20239258,768.87298584
659.61425781,935.81896973
659.65844727,935.74566650
658.38488770,984.84069824
669.77862549,563.62585449
655.47399902,1091.08593750
655.47399902,1091.08593750
659.17462158,973.62133789
663.99011230,797.58996582
642.11621094,1589.71618652
642.11621094,1589.71618652
670.74676514,553.18133545
668.97930908,628.33831787
670.40472412,577.95007324
663.00988770,851.44622803
675.30780029,407.56185913
669.72204590,609.44494629
661.13616943,927.23675537
658.52227783,1016.83795166
658.52227783,1016.83795166
672.92114258,494.22811890
661.45166016,919.53277588
670.40032959,593.81146240
662.11083984,895.91619873
656.05249023,1118.17712402
661.65716553,916.34851074
661.65716553,916.34851074
668.28045654,683.60168457
669.53057861,640.72625732
674.45788574,461.82690430
660.01965332,994.00189209
656.74676514,1112.26855469
662.38140869,911.54998779
667.96325684,716.98864746
667.29168701,745.89617920
663.48760986,888.46368408
646.30029297,1521.89025879
646.30029297,1521.89025879
659.68237305,1040.85791016
641.05834961,1728.85156250
665.50543213,841.53869629
646.00982666,1565.36328125
643.69219971,1644.17346191
659.96136475,1050.60278320
659.29888916,1074.29614258
657.83721924,1132.30676270
659.29199219,1083.37939453
659.43859863,1078.89404297
659.43859863,1078.89404297
674.63543701,524.97009277
656.26495361,1210.22521973
668.70660400,754.84375000
657.36932373,1179.52026367
677.39068604,444.62701416
659.86596680,1093.34033203
677.64898682,439.29675293
667.94879150,800.88751221
667.94879150,800.88751221
667.57293701,810.82836914
665.72875977,893.46179199
674.84222412,563.13214111
679.75109863,387.48754883
677.29028320,483.23602295
664.79077148,948.65655518
647.35168457,1594.65942383
666.05889893,908.12164307
650.01623535,1502.04504395
675.90234375,549.42346191
677.56530762,494.81240845
667.20770264,877.49481201
665.67224121,938.78057861
660.88586426,1115.03210449
664.75341797,971.26300049
661.72369385,1087.38342285
668.61651611,830.68792725
644.31188965,1736.89501953
678.76599121,470.70803833
665.68695068,954.85693359
670.93542480,760.30780029
665.54437256,970.32983398
665.25646973,987.66149902
659.27484131,1202.08923340
661.06646729,1142.88671875
642.43768311,1835.93542480
642.43768311,1835.93542480
659.27484131,1202.08923340
663.06713867,1064.51342773
645.30621338,1728.46716309
645.30621338,1728.46716309
646.28619385,1692.58447266
677.74401855,533.31896973
660.58178711,1171.55480957
664.45996094,1029.77014160
664.00402832,1046.05761719
680.58789062,434.42495728
670.75030518,821.21881104
678.67541504,523.54614258
671.20202637,804.76013184
642.58453369,1887.83020020
669.52770996,911.61590576
663.19201660,1146.36303711
665.28875732,1079.45507812
657.82940674,1365.79138184
671.06958008,880.63122559
671.06958008,880.63122559
679.82556152,559.82299805
681.91955566,499.24768066
680.72729492,550.79028320
683.12274170,474.10623169
656.99023438,1430.13574219
683.82830811,466.81457520
652.60473633,1639.48413086
674.65423584,824.79577637
682.86889648,511.72039795
666.20733643,1139.90869141
665.32843018,1197.50390625
652.85589600,1614.96166992
689.77276611,287.78747559
667.72888184,1127.46032715
659.98681641,1407.39819336
685.33123779,509.29656982
668.42956543,1145.11682129
670.24810791,1076.24877930
679.43847656,734.24670410
687.25219727,469.44479370
650.97784424,1848.95788574
688.41796875,430.98458862
652.89306641,1792.82067871
654.28509521,1738.94018555
678.76110840,819.95391846
678.76110840,819.95391846
677.16009521,884.33947754
677.16009521,884.33947754
686.45574951,534.94958496
663.71606445,1399.83801270
679.43847656,734.24670410
663.90710449,1412.48059082
664.82214355,1369.24743652
680.19012451,797.10119629
673.39215088,1055.85815430
693.98553467,288.20516968
673.49621582,1070.79272461
691.43963623,404.57141113
664.09063721,1444.44848633
664.09063721,1444.44848633
663.71374512,1456.41845703
663.71374512,1456.41845703
692.43811035,376.84310913
663.05297852,1489.66613770
680.74176025,831.58392334
673.16412354,1120.79321289
658.96795654,1674.35412598
656.03479004,1781.92553711
688.03533936,565.39288330
658.96246338,1677.90551758
658.96246338,1677.90551758
692.70758057,391.32681274
663.51916504,1502.40319824
689.46429443,523.76947021
673.09558105,1140.23339844
691.36462402,457.00494385
696.25714111,277.50860596
680.33447266,887.57086182
662.59973145,1550.37817383
693.17883301,406.49740601
674.83453369,1100.50537109
663.57818604,1538.14831543
675.78601074,1095.65112305
662.94573975,1596.78051758
683.82031250,816.31719971
683.82031250,816.31719971
697.83435059,285.43246460
674.63342285,1184.87451172
682.94195557,877.91333008
669.40502930,1406.61938477
677.01098633,1121.72351074
662.27905273,1694.56835938
677.29156494,1114.59167480
684.91040039,830.78051758
692.93792725,534.30328369
677.12670898,1140.42602539
662.04565430,1738.99255371
694.97412109,464.44903564
678.97015381,1081.25085449
678.97015381,1081.25085449
693.43597412,525.26885986
677.22821045,1158.50903320
678.47747803,1108.66516113
678.05560303,1132.75720215
660.53814697,1807.90234375
660.53814697,1807.90234375
679.78015137,1073.24951172
659.46789551,1852.33007812
662.78991699,1732.86853027
661.06976318,1791.38513184
684.00506592,929.82714844
661.63848877,1799.90209961
701.59210205,266.10690308
668.83184814,1544.49816895
697.51324463,440.33529663
701.74560547,292.88311768
680.08074951,1146.16967773
673.36383057,1406.70715332
687.74499512,851.58166504
702.53985596,282.15136719
702.53985596,282.15136719
697.70037842,527.52008057
680.70031738,1192.56115723
684.14361572,1064.00219727
688.18273926,910.78979492
666.35351562,1786.25427246
684.58160400,1107.63574219
691.44921875,846.23748779
691.19879150,865.08508301
684.02142334,1157.95666504
707.28924561,258.09671021
697.25390625,660.78021240
704.20477295,401.64434814
702.07159424,514.40423584
708.33929443,272.41073608
698.76086426,653.97717285
688.22241211,1067.84130859
688.22241211,1067.84130859
671.25341797,1742.77832031
670.12200928,1798.55078125
704.19830322,457.05322266
704.19830322,457.05322266
668.63049316,1856.78234863
699.73309326,644.79815674
694.42395020,851.73541260
694.42395020,851.73541260
695.73437500,805.04327393
695.73437500,805.04327393
700.76452637,611.87634277
689.17395020,1075.53613281
678.37451172,1502.50207520
707.40625000,390.81985474
702.82678223,570.64660645
690.88568115,1060.02551270
680.68927002,1452.44592285
679.59460449,1498.59790039
679.59460449,1498.59790039
706.19335938,460.95684814
699.91021729,713.51971436
687.75823975,1195.11291504
695.96075439,882.88415527
713.08306885,217.31771851
692.34826660,1067.29272461
711.36938477,285.84130859
679.71032715,1546.00634766
704.02374268,609.31390381
678.90991211,1593.16882324
678.90991211,1593.16882324
689.84057617,1190.58544922
704.30285645,622.69512939
714.39630127,234.15928650
704.34478760,637.53619385
700.86572266,793.58660889
699.53308105,849.47991943
699.85351562,855.92944336
699.85351562,855.92944336
715.85461426,253.74150085
684.69738770,1510.72241211
684.74932861,1519.39550781
710.38720703,510.06768799
717.27429199,238.40667725
712.11810303,453.27636719
683.93798828,1586.80590820
683.93798828,1586.80590820
698.68908691,996.39483643
711.32263184,495.69451904
703.85968018,796.83789062
699.37701416,973.86523438
688.57037354,1406.38305664
699.03015137,1005.72979736
679.77520752,1783.83813477
679.10485840,1814.95458984
679.10485840,1814.95458984
697.75830078,1062.05505371
678.53283691,1850.23925781
678.53283691,1850.23925781
695.04132080,1193.36352539
688.20172119,1468.16845703
678.36016846,1871.45397949
678.52905273,1860.11474609
699.06079102,1039.81091309
709.23193359,637.95574951
708.22808838,712.69610596
699.74969482,1055.13549805
697.09753418,1186.04626465
697.09753418,1186.04626465
701.63299561,1003.39416504
721.61755371,219.58026123
721.61755371,219.58026123
705.46539307,867.48406982
690.03259277,1510.96130371
715.11322021,495.08126831
707.89184570,786.68072510
703.04046631,993.10925293
685.75158691,1700.85156250
685.75158691,1700.85156250
724.94635010,134.87020874
712.79711914,626.16772461
711.45642090,697.08514404
708.22998047,856.79968262
687.95190430,1683.35815430
687.95190430,1683.35815430
713.75146484,640.64166260
714.29315186,638.90557861
708.64099121,871.79052734
704.40173340,1060.76831055
693.78417969,1499.64331055
689.40655518,1699.13232422
719.14862061,491.45056152
687.12609863,1803.66357422
719.67376709,478.32058716
711.23388672,877.49389648
711.88439941,856.75762939
706.80609131,1065.35705566
724.19360352,359.94790649
690.34313965,1748.34436035
713.15222168,821.08441162
710.18524170,997.65734863
722.90704346,478.55810547
713.47656250,868.30493164
715.09216309,810.16748047
694.16607666,1700.40600586
693.45874023,1790.54321289
716.61755371,841.00634766
725.25976562,491.89208984
723.22314453,585.65893555
717.81738281,817.75567627
717.81542969,851.50732422
717.81542969,851.50732422
717.51422119,877.69866943
717.66278076,872.35241699
723.50958252,634.31677246
706.18945312,1370.19372559
718.83789062,829.29394531
718.83789062,829.29394531
702.37994385,1516.38452148
719.54425049,846.74346924
698.81176758,1726.54724121
715.03222656,1062.27770996
715.03222656,1062.27770996
729.58819580,450.46890259
721.28900146,804.88305664
719.92822266,863.09332275
695.78533936,1886.74108887
721.29290771,820.73504639
721.03216553,836.36053467
705.07092285,1498.36816406
699.68872070,1761.70214844
699.68872070,1761.70214844
698.96545410,1802.47644043
698.07092285,1858.33447266
698.07092285,1858.33447266
722.84436035,811.00738525
697.67706299,1879.63000488
697.67706299,1879.63000488
718.93713379,991.21606445
722.25189209,852.44177246
722.25189209,852.44177246
703.72344971,1642.37023926
719.60278320,984.15106201
719.15393066,1005.78399658
730.15222168,545.92065430
719.09179688,1036.95715332
721.64379883,960.18536377
728.50354004,717.64080811
722.29870605,989.51617432
726.69445801,807.33154297
726.69445801,807.33154297
722.94195557,977.54278564
731.54907227,611.62292480
727.62805176,782.73645020
727.62805176,782.73645020
710.62231445,1506.60522461
723.83343506,965.37268066
723.08148193,1023.09179688
728.57806396,781.34326172
724.93438721,957.95788574
728.14459229,817.38665771
733.06573486,624.02185059
728.65570068,813.79382324
728.65570068,813.79382324
724.43377686,1001.91625977
728.59387207,862.94470215
733.61645508,647.22180176
733.55181885,676.85229492
726.90753174,980.33868408
711.98114014,1644.85107422
709.94097900,1740.92443848
709.94097900,1740.92443848
737.49279785,566.40881348
726.53143311,1064.13037109
732.93170166,777.54821777
707.75823975,1872.59020996
707.75823975,1872.59020996
733.33624268,794.15618896
749.78479004,232.55407715
732.80938721,851.81256104
741.94702148,462.98333740
738.57312012,627.46502686
716.56890869,1583.76416016
738.35888672,646.61810303
718.99090576,1504.55566406
731.12658691,942.93359375
740.39715576,563.19250488
740.33135986,569.03350830
734.63970947,825.69012451
733.95935059,858.91979980
731.19268799,982.34600830
734.22027588,864.37670898
719.25671387,1510.11401367
729.90679932,1064.65502930
727.01757812,1232.40441895
736.72467041,798.32611084
741.29553223,599.31646729
731.07116699,1053.59985352
736.55859375,835.00952148
736.20355225,850.78741455
737.29986572,814.28814697
721.81732178,1500.11547852
742.06420898,615.76367188
743.43029785,560.14746094
741.27813721,678.46362305
738.42309570,805.11248779
751.10144043,169.16926575
745.11737061,534.61254883
735.03692627,982.45758057
736.76159668,923.33599854
742.93255615,646.64691162
742.65295410,668.50555420
744.05175781,602.66693115
738.83453369,846.48028564
750.66888428,327.12899780
739.34094238,837.91143799
739.34100342,854.07275391
748.41296387,454.54434204
718.78106689,1765.85595703
718.78106689,1765.85595703
736.78411865,961.61218262
743.17016602,697.61981201
716.73773193,1896.04553223
741.21661377,803.72790527
722.71087646,1732.22631836
735.03393555,1070.04162598
740.64184570,842.26141357
759.68829346,22.49646378
742.89160156,776.28619385
746.65802002,615.08380127
717.89361572,1887.87878418
746.04394531,648.47863770
746.30505371,636.99890137
746.30505371,636.99890137
760.63720703,-2.27045608
738.71514893,1017.16247559
724.73590088,1644.90393066
742.34124756,866.43841553
738.77172852,1028.46447754
738.77172852,1028.46447754
743.97875977,807.84613037
738.73590088,1044.01062012
748.02478027,641.32708740
747.26281738,699.65313721
747.62170410,692.99792480
739.86157227,1053.33386230
747.74963379,714.63958740
730.27319336,1513.74121094
763.43304443,32.84451294
746.88690186,783.45642090
727.95404053,1758.36694336
734.14495850,1499.32556152
752.00604248,693.36535645
730.50701904,1709.66857910
767.72650146,33.59438324
767.90283203,47.68477631
754.39868164,685.80749512
755.81225586,698.67816162
759.47802734,578.52777100
756.34869385,731.40289307
761.19732666,538.60394287
760.44952393,594.06732178
763.25671387,513.46588135
762.02471924,625.63208008
762.02471924,625.63208008
776.24969482,4.06870890
755.85040283,997.23822021
760.43310547,770.34613037
760.43310547,770.34613037
768.58221436,397.03482056
764.71246338,592.78784180
755.85040283,997.23822021
764.97808838,616.12164307
764.97808838,616.12164307
757.23339844,983.89929199
770.80731201,380.49328613
770.58605957,420.72396851
770.79748535,387.12368774
770.61663818,401.19744873
776.87280273,111.24172211
758.56896973,975.34289551
758.56896973,975.34289551
758.65533447,969.06219482
758.80975342,986.51025391
771.25573730,424.65295410
765.18139648,772.89147949
765.18139648,772.89147949
768.29302979,649.90686035
761.70684814,959.46099854
782.96392822,1.12495959
761.66906738,1001.48388672
769.26257324,683.86462402
767.47778320,778.86090088
763.12957764,986.38897705
762.67633057,1011.11981201
763.39105225,978.72296143
763.18109131,997.40478516
764.17742920,954.45086670
762.69787598,1020.00451660
773.97210693,498.60058594
762.11566162,1061.58276367
762.53967285,1066.15698242
770.93261719,668.84362793
763.58239746,1029.80078125
774.42126465,522.24407959
774.98400879,510.74499512
764.53295898,1006.53826904
772.99212646,633.62652588
771.55993652,749.49273682
785.03118896,99.99737549
768.05938721,964.93322754
775.72314453,610.91223145
768.63629150,972.06988525
768.20458984,1031.04589844
789.67767334,1.82599986
770.09661865,950.59210205
770.09979248,1001.47235107
770.09979248,1001.47235107
770.17572021,1025.40295410
757.04998779,1652.58715820
771.75207520,958.72839355
768.77630615,1114.07006836
768.64074707,1133.93774414
768.63989258,1128.60388184
772.38964844,969.60552979
757.85894775,1658.37036133
756.67651367,1757.46313477
790.66375732,102.83852386
769.90686035,1126.15917969
771.73291016,1057.63159180
773.95196533,982.36236572
773.11383057,1012.35101318
771.85156250,1065.07995605
773.37200928,1006.48175049
773.95196533,982.36236572
794.86065674,0.81829154
775.40869141,994.43353271
772.93634033,1102.44140625
772.54827881,1123.50500488
775.61950684,1015.65063477
793.81097412,123.59439850
773.47961426,1129.37695312
775.00604248,1060.59179688
762.55291748,1766.44787598
762.55291748,1766.44787598
777.72454834,1010.99597168
778.37957764,1062.30383301
779.88983154,1005.99902344
779.99597168,1009.19281006
778.91229248,1100.31530762
766.95495605,1759.51208496
779.75805664,1138.18017578
779.75805664,1138.18017578
802.98846436,1.62009501
781.69616699,1079.27624512
781.26763916,1110.58996582
782.38299561,1135.77575684
782.63647461,1148.31018066
803.56463623,91.76004028
803.08337402,146.59875488
774.65753174,1769.40576172
774.65753174,1769.40576172
786.54254150,1170.96911621
809.57196045,77.19236755
810.31121826,55.38890457
808.84814453,136.46774292
789.38024902,1165.88195801
789.38024902,1165.88195801
812.04486084,1.72488928
786.34625244,1383.46960449
786.26196289,1396.25195312
780.58502197,1763.85437012
786.70458984,1494.53381348
813.87005615,97.58766937
813.56909180,136.09790039
788.10809326,1506.81750488
799.31811523,928.66461182
807.40557861,506.20330811
811.52484131,325.24899292
808.17590332,521.61914062
808.07250977,537.52923584
784.24914551,1840.83996582
799.83593750,1028.14343262
813.48278809,314.94216919
784.98394775,1830.06079102
819.37506104,1.06948829
818.91674805,44.06614304
786.92901611,1763.08459473
813.72216797,337.38909912
786.59277344,1785.34460449
786.23626709,1818.34790039
786.23626709,1818.34790039
821.52545166,13.84735775
787.52093506,1770.40844727
810.91479492,541.74005127
815.73461914,293.26995850
815.26580811,326.61709595
792.98419189,1503.57800293
788.02069092,1772.85632324
812.06945801,493.40292358
790.05236816,1656.22949219
812.83563232,451.68130493
801.39727783,1132.61853027
817.36175537,281.46270752
817.36175537,281.46270752
813.31994629,524.19738770
800.62017822,1202.37695312
820.33447266,149.98306274
820.33447266,149.98306274
819.16973877,207.46856689
815.37109375,434.28298950
823.78277588,2.35621691
807.37817383,886.94641113
823.85180664,11.97739029
816.12036133,425.59411621
818.28601074,314.60568237
818.28601074,314.60568237
819.10607910,292.29898071
820.16870117,225.91183472
820.16870117,225.91183472
802.75445557,1166.50610352
798.62469482,1389.73352051
819.20501709,286.89868164
819.20501709,286.89868164
816.20550537,456.01022339
790.89593506,1843.80578613
823.80603027,50.03352356
798.96032715,1399.90795898
815.70074463,494.52822876
808.18109131,906.65454102
815.38201904,529.05877686
804.66979980,1151.76892090
805.48638916,1132.51782227
817.74829102,470.31295776
818.45642090,439.11886597
807.05554199,1065.09924316
820.36071777,333.78897095
801.84417725,1350.13635254
811.52868652,841.37506104
808.11706543,1054.27648926
806.46978760,1148.87561035
808.17944336,1073.11633301
812.49401855,868.65661621
820.84490967,425.50402832
820.84490967,425.50402832
827.11492920,82.64984894
824.63616943,226.18246460
808.25646973,1135.76403809
829.55517578,34.94539642
824.52062988,234.19012451
812.94622803,877.71270752
800.72814941,1562.10595703
802.17669678,1500.58081055
807.54901123,1203.70861816
820.70373535,492.55319214
823.92651367,330.06027222
824.70306396,283.37231445
821.81597900,456.65121460
821.81597900,456.65121460
797.93005371,1775.56188965
800.24377441,1676.86169434
829.14459229,59.71357346
809.06213379,1174.66772461
815.84136963,807.73742676
824.51013184,313.53247070
815.89666748,818.41027832
815.93261719,827.09777832
799.74084473,1703.09240723
815.87524414,845.14050293
816.37878418,849.37902832
808.60308838,1280.03967285
825.22680664,359.77862549
817.08569336,837.10253906
814.79754639,956.77246094
822.75628662,538.04565430
822.75628662,538.04565430
802.63372803,1659.49194336
805.68511963,1493.57177734
805.68511963,1493.57177734
825.24481201,413.99340820
823.83386230,495.44223022
823.83386230,495.44223022
817.01928711,873.17340088
808.18988037,1372.90979004
832.48187256,-4.22414064
832.49822998,21.37657166
808.15612793,1386.14245605
818.12573242,853.60260010
819.14337158,789.30273438
831.89807129,79.28475189
807.05157471,1487.77539062
825.69976807,478.10128784
813.84582520,1141.96289062
813.84582520,1141.96289062
814.36419678,1121.33422852
821.01898193,759.76672363
821.01898193,759.76672363
820.59191895,794.90380859
831.74560547,162.31443787
819.76214600,843.19207764
819.76214600,843.19207764
827.52282715,418.77230835
827.52282715,418.77230835
809.71807861,1426.02307129
833.85571289,52.82228088
827.59606934,433.26303101
812.72290039,1278.21875000
825.96545410,525.50408936
825.96545410,525.50408936
811.90472412,1312.22375488
833.43542480,118.79728699
804.30517578,1769.67846680
810.20019531,1439.86083984
816.23883057,1095.49121094
822.30444336,748.37200928
821.47900391,813.80102539
821.47900391,813.80102539
836.43017578,3.11244369
827.98071289,458.12045288
827.98071289,458.12045288
813.89770508,1275.08129883
828.69116211,440.57873535
828.40917969,466.30841064
830.91680908,328.40966797
830.91680908,328.40966797
816.46099854,1133.67370605
834.60382080,124.10507965
830.50036621,360.51763916
813.51226807,1329.11291504
836.36669922,27.93992805
836.36669922,27.93992805
834.61236572,130.25743103
828.39123535,494.21411133
811.04876709,1493.77136230
811.04876709,1493.77136230
818.33636475,1067.46545410
822.79412842,821.73071289
822.79412842,821.73071289
829.34936523,447.24710083
811.27441406,1480.89575195
831.20544434,352.83050537
831.20544434,352.83050537
836.84289551,47.54478836
836.84289551,47.54478836
834.78784180,164.73207092
810.82080078,1508.68737793
802.43273926,1925.85400391
832.00726318,319.01580811
822.75134277,851.94152832
822.75134277,851.94152832
823.21917725,831.14733887
836.56030273,85.52298737
824.40496826,780.67755127
824.40496826,780.67755127
824.86175537,767.07330322
825.33306885,754.22772217
805.27020264,1752.63854980
817.94903564,1205.01074219
825.75842285,763.55816650
831.91943359,420.94854736
833.37817383,347.56292725
833.37817383,347.56292725
831.25335693,482.67462158
834.79888916,292.96746826
834.79888916,292.96746826
838.21008301,118.60926819
809.61444092,1778.07299805
826.62030029,830.25006104
839.93621826,76.01934052
835.80383301,321.83084106
812.34106445,1667.69287109
816.24981689,1528.49279785
816.24981689,1528.49279785
833.75915527,467.31719971
810.81335449,1793.64416504
810.81335449,1793.64416504
815.55731201,1543.91394043
830.91455078,639.07543945
830.91455078,639.07543945
823.47088623,1069.67272949
835.94207764,354.19082642
835.94207764,354.19082642
832.82574463,526.34075928
815.85235596,1554.74279785
830.99237061,660.06060791
834.77105713,448.95132446
834.77105713,448.95132446
821.00036621,1264.79870605
841.16925049,88.28369904
835.45294189,424.56298828
839.20410156,206.24531555
822.89825439,1164.75415039
829.17828369,827.02691650
829.17828369,827.02691650
837.58624268,344.28466797
837.58624268,344.28466797
811.55072021,1862.49096680
836.48797607,408.48126221
835.78741455,472.99163818
833.48162842,629.82586670
832.32708740,693.28228760
829.49865723,866.22637939
835.72119141,507.28036499
835.72119141,507.28036499
840.33294678,247.51287842
836.49676514,482.29922485
822.23291016,1311.05187988
824.78509521,1174.72106934
830.72711182,822.15515137
822.91656494,1269.30346680
812.31048584,1901.95837402
812.31048584,1901.95837402
839.02154541,342.59878540
832.28289795,739.33953857
831.85174561,777.25885010
844.69940186,27.51762199
830.91534424,844.19976807
824.43115234,1188.56152344
840.42291260,308.83618164
823.46319580,1404.18627930
835.42218018,618.64007568
834.57604980,663.76556396
832.78033447,786.88659668
820.85424805,1481.16174316
837.76269531,488.36752319
833.10559082,794.99578857
839.42547607,427.51287842
835.71673584,669.45379639
845.80444336,61.42643356
835.21539307,691.95782471
833.85754395,772.89562988
836.04010010,653.20404053
825.47583008,1258.49792480
837.78906250,564.05816650
835.41815186,718.54833984
842.23999023,331.09854126
842.33074951,340.23114014
842.33074951,340.23114014
829.01947021,1139.06787109
817.57873535,1821.39831543
826.30609131,1313.80517578
841.23669434,458.82446289
823.84222412,1515.79382324
830.81329346,1070.32324219
834.47204590,852.54248047
844.74487305,243.15350342
825.89764404,1458.61755371
829.00164795,1203.37329102
829.38293457,1174.58422852
831.78240967,1058.66052246
831.01062012,1083.85754395
841.67852783,475.10995483
841.67852783,475.10995483
845.74328613,225.00607300
841.26416016,492.12661743
836.03204346,821.80957031
829.55847168,1207.91235352
830.28833008,1168.77844238
830.28833008,1168.77844238
845.87152100,255.18734741
832.20550537,1089.06726074
844.71191406,325.42114258
837.72930908,753.15917969
837.63848877,773.76239014
845.62493896,314.84014893
833.35607910,1074.36645508
838.24938965,790.67303467
838.06427002,800.62316895
842.94372559,516.17871094
847.63494873,260.65002441
847.63494873,260.65002441
838.37359619,805.85986328
849.69458008,134.22593689
851.78466797,16.50694084
837.32379150,879.98510742
842.74127197,550.87841797
842.99450684,543.67968750
845.45007324,408.29254150
841.00390625,685.08117676
844.62170410,462.07684326
841.40484619,674.45111084
842.20837402,617.42236328
852.09857178,39.97032928
839.26037598,812.84686279
842.14398193,656.31500244
831.36810303,1315.97985840
831.36810303,1315.97985840
844.71588135,522.53033447
843.71636963,557.33227539
850.06463623,188.95761108
841.23815918,727.62725830
844.90008545,503.62918091
833.78649902,1181.27258301
838.81561279,888.86199951
838.81561279,888.86199951
824.36981201,1769.52880859
824.36981201,1769.52880859
850.22052002,211.22660828
832.37786865,1296.92724609
847.53790283,310.32128906
849.10760498,321.47311401
850.08947754,286.00079346
852.20385742,175.11373901
840.86389160,848.74578857
841.16577148,837.10302734
841.85913086,718.59436035
851.92156982,202.45478821
833.43164062,1328.43640137
851.05969238,254.67134094
852.25354004,195.47752380
839.11706543,982.35046387
844.53814697,665.66027832
839.48754883,965.12841797
855.65386963,1.65350485
852.87744141,179.88426208
855.65386963,1.65350485
848.03918457,476.06875610
847.76831055,493.05093384
853.84039307,134.41065979
849.55590820,408.51922607
842.57995605,826.39587402
842.15484619,868.07482910
852.02954102,262.79910278
843.85675049,775.98834229
831.36077881,1536.50292969
844.80688477,746.46881104
839.66522217,1077.43469238
849.07409668,508.35360718
849.17352295,500.27035522
848.53625488,543.27124023
852.53021240,310.10202026
852.53021240,310.10202026
846.99407959,658.81103516
844.51495361,833.63623047
846.06414795,727.46466064
850.54882812,457.56039429
841.90222168,994.65118408
841.90222168,994.65118408
855.33221436,173.31365967
842.05236816,1002.49444580
858.22216797,7.69254637
839.64068604,1155.17761230
846.18261719,764.83093262
849.43743896,560.33117676
852.92346191,354.10314941
831.79083252,1655.24987793
853.11169434,346.79809570
847.65270996,689.95941162
848.25585938,670.16894531
848.25585938,670.16894531
842.98852539,991.90814209
845.13146973,874.64550781
837.34899902,1368.48828125
845.57391357,853.58392334
854.06677246,330.96957397
844.30487061,950.79150391
844.62622070,926.89215088
845.13653564,916.50549316
845.13653564,916.50549316
841.16571045,1182.50610352
843.68469238,1022.77239990
843.68469238,1022.77239990
841.16571045,1182.50610352
855.38995361,321.82403564
857.48162842,186.92808533
848.86706543,736.93328857
858.38073730,144.26774597
848.60821533,735.06213379
848.05291748,811.70141602
857.20623779,263.85787964
845.95330811,979.11639404
845.95330811,979.11639404
846.58563232,944.18383789
852.47308350,582.91601562
850.51293945,713.55139160
854.17987061,486.20059204
846.57977295,989.89343262
860.82354736,99.12570190
850.63073730,742.07238770
851.23144531,722.95959473
851.23144531,722.95959473
849.42041016,840.39312744
844.23474121,1188.83178711
860.61944580,154.15408325
855.06427002,519.49273682
859.97662354,220.21885681
846.87707520,1040.79614258
846.87707520,1040.79614258
856.94317627,424.61770630
845.40972900,1158.77233887
845.40972900,1158.77233887
845.40972900,1158.77233887
864.26324463,3.46327043
849.91485596,892.07135010
845.28253174,1182.74401855
847.68017578,1031.29821777
856.32110596,501.59054565
839.87475586,1548.96472168
848.42895508,1008.90313721
852.37963867,768.14196777
857.46966553,456.71972656
854.10552979,674.28881836
858.35119629,398.68096924
852.69934082,777.86895752
850.67266846,918.99731445
851.68768311,844.86474609
858.54187012,430.54162598
857.33752441,528.02185059
839.25976562,1657.53405762
837.38317871,1799.81152344
837.38317871,1799.81152344
849.58648682,1004.12225342
859.45745850,412.44201660
837.98284912,1785.24011230
857.62603760,550.38323975
857.65051270,586.26000977
850.62054443,1025.44970703
864.01110840,178.63398743
850.94531250,997.97705078
851.87933350,953.50988770
864.86138916,118.06487274
852.71337891,899.92681885
854.23199463,827.70251465
842.12841797,1607.73913574
852.58081055,944.15765381
866.13598633,82.81037140
843.67608643,1536.66809082
850.67114258,1095.30798340
852.50659180,990.89672852
863.13323975,295.92300415
859.44354248,538.65649414
865.85699463,131.06831360
862.90631104,347.23358154
852.14929199,1018.18267822
852.14929199,1018.18267822
856.70953369,737.31866455
855.82855225,805.29644775
864.85937500,205.91397095
839.09710693,1872.98583984
853.37768555,985.78442383
857.62847900,716.71850586
864.57324219,301.05728149
864.57324219,301.05728149
859.30828857,638.68951416
851.47009277,1162.54809570
851.47009277,1162.54809570
863.35363770,398.56945801
855.66772461,896.70239258
857.45178223,787.33618164
857.45178223,787.33618164
859.13226318,707.46337891
859.13226318,707.46337891
854.43194580,1011.87866211
854.43194580,1011.87866211
857.01800537,845.70092773
859.17883301,725.85760498
859.17883301,725.85760498
865.70965576,316.30511475
853.16931152,1115.76733398
854.08679199,1060.19604492
853.01446533,1138.92346191
854.74884033,1037.13684082
857.09503174,888.27453613
861.84558105,591.14825439
858.54534912,798.86279297
858.54534912,798.86279297
843.31481934,1780.75634766
855.49865723,1005.70440674
862.85418701,546.63623047
862.85418701,546.63623047
859.71911621,744.03851318
859.71911621,744.03851318
864.70068359,439.65942383
864.70068359,439.65942383
865.11737061,414.45062256
856.29473877,999.62078857
870.33367920,100.56179810
858.17449951,909.93603516
863.79620361,551.73419189
863.79620361,551.73419189
860.58477783,762.11718750
868.04168701,296.03366089
861.04913330,732.93359375
860.46289062,792.90948486
866.46484375,402.79956055
865.94488525,447.94177246
867.63635254,329.29721069
855.20312500,1156.05322266
862.32299805,714.32781982
870.17083740,210.22991943
867.28601074,426.07614136
871.88189697,122.23141479
858.96685791,981.64636230
861.88732910,788.81292725
849.02062988,1664.11022949
861.83569336,811.74328613
870.68817139,229.19786072
859.57653809,971.52093506
867.22546387,472.23892212
867.22546387,472.23892212
867.17211914,497.54449463
866.12335205,578.29711914
866.12335205,578.29711914
873.17437744,130.81825256
868.98498535,405.26324463
867.01934814,543.37268066
865.58203125,663.20367432
865.58203125,663.20367432
869.25793457,417.50732422
871.30444336,283.98806763
865.71942139,672.90667725
862.67565918,880.27709961
863.62335205,827.22045898
874.65167236,106.52708435
864.05871582,800.28051758
870.00671387,409.07031250
872.69598389,242.68022156
868.55023193,513.34179688
868.55023193,513.34179688
860.98974609,1013.85449219
865.41473389,729.42999268
865.41473389,729.42999268
865.41473389,729.42999268
873.31829834,217.27900696
859.65954590,1145.31958008
865.41210938,789.27825928
850.52471924,1789.59667969
864.74444580,839.56890869
860.67773438,1120.93127441
862.18603516,1034.02185059
868.90124512,566.96423340
861.99511719,1090.20910645
868.21789551,669.13299561
863.02117920,1029.94860840
861.55279541,1126.04663086
861.55279541,1126.04663086
867.12023926,747.10614014
870.52252197,547.96929932
864.97491455,904.13421631
858.96484375,1311.04187012
869.07318115,649.00079346
863.32598877,1043.92150879
866.13879395,859.67944336
863.78344727,1054.86853027
876.42407227,227.62774658
871.20056152,581.80145264
870.36499023,639.79595947
873.72363281,412.49710083
871.08819580,600.44830322
871.08819580,600.44830322
877.13732910,210.20016479
868.77911377,785.19586182
868.77911377,785.19586182
869.80328369,718.87902832
873.76446533,461.19488525
871.10241699,654.97583008
871.10241699,654.97583008
875.94567871,319.82672119
866.42150879,974.39953613
866.42150879,974.39953613
866.42150879,974.39953613
866.87005615,966.94940186
870.20025635,736.06176758
869.35278320,807.29986572
869.35278320,807.29986572
869.35278320,807.29986572
875.21771240,418.63464355
874.56738281,482.48965454
872.38330078,635.41369629
865.48913574,1121.97534180
873.63610840,588.21228027
867.65905762,1019.45751953
867.65905762,1019.45751953
856.81024170,1782.96789551
868.25579834,989.91741943
868.25579834,989.91741943
868.25579834,989.91741943
868.25579834,989.91741943
868.25579834,989.91741943
874.92724609,550.88116455
871.64202881,782.18353271
870.00793457,889.03588867
870.00793457,889.03588867
882.40917969,58.15995026
882.40917969,58.15995026
883.00054932,5.31004953
880.87756348,207.14164734
876.44543457,505.28973389
873.20068359,741.71197510
878.61462402,388.69555664
873.11468506,773.78729248
878.98229980,381.33547974
878.39038086,423.76983643
875.25598145,647.33697510
865.37103271,1319.92736816
875.25854492,654.37835693
870.15112305,1035.91528320
878.47558594,459.11627197
875.03979492,712.03527832
870.71679688,1008.58892822
869.02795410,1132.56140137
873.64862061,827.71514893
879.59667969,414.26138306
865.87768555,1368.75866699
880.17260742,430.53234863
875.54187012,759.99151611
872.40985107,974.94726562
875.23974609,779.19989014
875.54187012,759.99151611
883.02465820,226.50048828
871.77056885,1029.13073730
878.91296387,547.34698486
878.91296387,547.34698486
878.18511963,601.76281738
873.32843018,945.63836670
873.32843018,945.63836670
882.83020020,303.40124512
883.48376465,259.20272827
883.87316895,234.28450012
877.44958496,698.21917725
873.61309814,952.16186523
873.61309814,952.16186523
873.61309814,952.16186523
874.84503174,886.18896484
870.75897217,1169.89172363
870.75897217,1169.89172363
879.79791260,536.86041260
883.56219482,316.56359863
883.56219482,316.56359863
883.56219482,316.56359863
874.14770508,966.19946289
874.14770508,966.19946289
873.42419434,1050.02929688
873.42419434,1050.02929688
873.42419434,1050.02929688
868.88922119,1365.91394043
879.98907471,581.73468018
882.21508789,451.11886597
882.21508789,451.11886597
874.17486572,1006.16986084
886.37463379,169.59274292
887.81353760,70.62635803
874.79046631,995.18341064
879.18084717,711.35589600
881.23095703,571.84002686
877.54101562,830.26568604
864.37371826,1791.41027832
883.67816162,443.98266602
883.67816162,443.98266602
876.76672363,961.25555420
878.84130859,819.29370117
888.61798096,120.61752319
878.98913574,809.16870117
885.38818359,379.84899902
884.79528809,425.04650879
878.17645264,884.88610840
888.28247070,188.89103699
879.34844971,814.86962891
879.34844971,814.86962891
865.40173340,1808.24511719
865.40173340,1808.24511719
880.28967285,766.93322754
880.28967285,766.93322754
878.89196777,871.93157959
875.66552734,1117.50646973
878.65533447,902.77001953
878.65533447,902.77001953
877.47985840,1005.38244629
877.47985840,1005.38244629
879.92095947,839.94482422
879.92095947,839.94482422
876.79101562,1090.58459473
876.79101562,1090.58459473
866.00274658,1857.28332520
866.36053467,1843.07714844
889.14788818,219.71682739
882.02593994,735.05926514
882.02593994,735.05926514
881.71954346,777.64086914
880.32141113,858.09155273
877.63946533,1060.07580566
890.10192871,195.87504578
886.61889648,450.54040527
887.35656738,405.66238403
885.37634277,560.66461182
887.10046387,445.58087158
885.65631104,540.53369141
877.50085449,1167.39257812
888.07781982,411.71490479
867.59069824,1882.92724609
867.59069824,1882.92724609
881.28936768,914.68011475
888.48333740,430.12393188
882.63519287,846.04168701
881.60412598,924.74694824
889.45941162,365.91268921
887.20123291,529.69390869
887.20123291,529.69390869
883.42590332,804.15386963
875.99932861,1366.83300781
875.99932861,1366.83300781
885.28753662,683.65863037
887.09930420,574.10070801
884.19384766,849.48931885
883.96734619,856.93420410
894.85443115,68.32345581
884.56781006,825.32330322
884.80627441,815.42401123
882.88873291,968.20941162
882.88873291,968.20941162
887.11437988,652.39385986
881.52929688,1072.95568848
890.36035156,435.92749023
890.13623047,464.88543701
882.85644531,1002.12054443
894.69628906,148.56578064
889.74908447,506.93264771
889.74908447,506.93264771
890.68048096,445.65945435
885.89355469,793.86700439
893.75457764,221.31272888
887.20928955,711.16436768
887.20928955,711.16436768
891.83312988,384.19592285
887.00366211,751.14898682
887.00366211,751.14898682
889.31579590,592.79241943
886.24548340,808.09020996
883.07000732,1045.91723633
890.17236328,545.19177246
892.45800781,373.91369629
892.45800781,373.91369629
884.94464111,934.69635010
897.24481201,31.16919708
883.03222656,1091.04028320
886.01367188,855.55834961
891.19226074,491.17056274
884.96026611,950.77343750
886.37615967,844.33148193
892.61749268,398.05258179
889.69757080,621.25964355
883.91290283,1035.24853516
889.67211914,631.36914062
884.47991943,1011.50665283
897.86834717,30.69950676
885.92279053,920.52728271
888.54309082,739.06365967
888.38098145,759.85278320
891.36047363,536.83197021
887.41693115,834.46392822
893.27001953,407.33514404
887.69274902,819.05957031
892.54656982,466.53091431
876.42047119,1662.14147949
886.73669434,900.94934082
886.73669434,900.94934082
883.78955078,1139.04553223
894.37640381,388.99609375
885.64587402,1020.47772217
896.07922363,293.44488525
893.28479004,523.74786377
891.20892334,668.62634277
891.20892334,668.62634277
894.83349609,430.32400513
889.75048828,801.02880859
875.52984619,1860.25476074
899.41772461,117.48202515
895.06665039,459.52230835
894.57281494,502.71920776
901.30450439,6.58010054
890.96618652,779.26928711
892.13861084,710.78717041
876.95483398,1848.40124512
896.98309326,361.35284424
897.84997559,323.88632202
897.84997559,323.88632202
892.78381348,699.02014160
892.78381348,699.02014160
887.34228516,1095.61413574
887.34228516,1095.61413574
888.30114746,1028.20300293
888.30114746,1028.20300293
887.56066895,1113.69677734
887.56066895,1113.69677734
900.49176025,146.91821289
900.49176025,146.91821289
888.42950439,1053.66394043
896.52929688,446.40872192
890.74816895,908.73504639
890.74816895,908.73504639
890.77777100,893.03820801
889.36004639,1005.05731201
889.36004639,1005.05731201
890.42864990,936.51684570
902.99163818,18.69441795
898.45135498,347.82415771
898.18505859,366.47219849
896.10327148,537.40209961
896.10327148,537.40209961
879.42626953,1796.30419922
892.40020752,840.98419189
890.95196533,963.74737549
888.92272949,1118.97961426
888.92272949,1118.97961426
896.85089111,519.90136719
881.17468262,1727.15332031
890.57403564,1012.17236328
894.12274170,745.18463135
890.16033936,1049.29187012
892.17700195,921.95062256
891.92932129,941.33398438
900.72747803,294.66427612
900.72747803,294.66427612
895.27416992,738.22717285
895.27416992,738.22717285
895.27416992,738.22717285
900.37329102,353.58883667
897.04754639,603.12194824
891.93267822,990.41119385
891.93267822,990.41119385
897.06457520,613.21856689
897.06457520,613.21856689
903.73925781,104.64253998
901.26660156,301.76675415
901.26660156,301.76675415
898.62005615,513.35980225
892.59191895,977.45465088
892.59191895,977.45465088
894.57165527,828.55773926
903.74096680,152.46699524
900.61077881,388.92700195
899.69116211,471.12857056
899.69116211,471.12857056
901.42565918,379.50827026
900.92352295,398.52322388
906.09149170,29.26823616
899.17950439,553.37945557
896.41937256,778.74786377
892.40960693,1077.64001465
893.18658447,1017.03192139
893.66357422,984.35693359
893.66357422,984.35693359
897.73608398,683.36663818
885.88647461,1604.50097656
885.88647461,1604.50097656
896.40478516,806.13861084
899.67156982,525.74645996
904.90795898,142.37599182
900.25305176,507.97845459
895.05230713,910.02014160
895.05230713,910.02014160
895.05230713,910.02014160
882.72204590,1870.00964355
892.19714355,1123.45031738
894.81622314,933.72393799
895.24053955,905.39410400
893.04827881,1094.43591309
899.89019775,559.38269043
893.32751465,1080.09411621
901.76251221,443.02374268
894.13513184,1008.25610352
901.95617676,449.72463989
895.12451172,949.92584229
895.12451172,949.92584229
894.66979980,1028.88452148
894.66979980,1028.88452148
899.28698730,661.75360107
897.75085449,797.49200439
895.18261719,999.82421875
899.18475342,691.41809082
899.06176758,711.63208008
905.55847168,210.22058105
905.55847168,210.22058105
893.65881348,1134.75207520
896.50744629,926.82733154
903.26855469,421.53079224
898.91192627,746.03875732
898.91192627,746.03875732
893.51269531,1163.58251953
895.72790527,1012.57800293
905.99407959,233.71838379
907.16784668,121.75175476
907.16784668,121.75175476
901.33850098,586.46496582
901.33850098,586.46496582
909.19787598,12.71781540
909.19787598,12.71781540
899.70349121,730.86187744
896.49438477,970.93347168
897.40289307,900.78076172
886.43371582,1790.50915527
904.81884766,350.70446777
903.00634766,513.86877441
895.65344238,1085.49621582
895.74932861,1076.45251465
895.74932861,1076.45251465
909.90759277,10.48331165
904.08123779,487.63928223
896.96807861,1051.43237305
907.66540527,244.16941833
889.41894531,1731.93310547
889.41894531,1731.93310547
906.76495361,341.27371216
904.68768311,502.88476562
904.68768311,502.88476562
894.46417236,1301.44165039
899.84539795,891.85614014
899.84539795,891.85614014
910.91223145,20.18339157
899.14050293,968.15643311
902.76049805,705.83288574
905.96508789,490.98254395
903.17266846,716.54284668
888.82330322,1860.95373535
898.92291260,1080.67199707
905.02319336,623.98925781
909.32763672,369.04922485
900.79290771,980.22106934
903.37255859,770.58654785
904.01501465,748.44085693
904.06768799,757.44018555
908.35076904,425.11715698
910.60156250,266.01309204
902.50769043,900.99810791
900.70825195,1031.49426270
902.38464355,956.27789307
910.00073242,344.46310425
908.17254639,495.15640259
907.98266602,530.23370361
906.28540039,695.46282959
906.28540039,695.46282959
906.28540039,695.46282959
908.66046143,508.10943604
909.30981445,462.95880127
905.39874268,778.41662598
905.39874268,778.41662598
906.76977539,683.77392578
903.11566162,984.94812012
903.86663818,933.85986328
908.02545166,592.57025146
902.42443848,1036.28503418
905.40417480,809.51580811
906.33422852,742.44567871
908.81878662,543.95056152
907.15875244,704.05065918
909.66082764,515.11291504
912.80108643,270.87747192
910.78161621,450.48507690
909.45996094,563.58489990
904.00769043,1001.44067383
910.66076660,477.15841675
915.20294189,141.60421753
913.45129395,260.83233643
911.48516846,413.21896362
905.23925781,921.66308594
912.51757812,348.70700073
904.35906982,1007.04302979
908.81658936,672.07360840
916.70758057,16.94686699
906.60913086,884.55059814
907.99072266,784.94116211
910.55859375,601.37121582
906.31896973,949.48699951
910.25854492,640.28375244
904.75610352,1081.79760742
904.75610352,1081.79760742
905.10327148,1056.91601562
914.18798828,326.18032837
914.60833740,357.56811523
909.96502686,695.57220459
906.51422119,977.06744385
905.81781006,1029.89416504
904.44262695,1164.50341797
916.57531738,192.03306580
911.58782959,630.05773926
911.23162842,684.54577637
911.23162842,684.54577637
913.89849854,481.23736572
912.01403809,651.14575195
907.51678467,994.26184082
912.33666992,619.61779785
908.83679199,914.72399902
906.31469727,1130.55041504
920.50000000,5.67995691
909.25970459,908.32568359
909.25970459,908.32568359
913.93078613,539.31451416
917.34228516,261.67858887
916.22100830,366.87091064
919.90393066,60.61590576
908.66015625,987.78527832
908.66015625,987.78527832
915.44958496,453.37631226
913.91339111,587.47570801
919.98937988,51.37009430
919.98937988,51.37009430
907.84796143,1075.64392090
906.99658203,1155.23217773
917.86340332,273.90454102
916.86364746,364.67779541
916.72302246,376.51068115
910.25543213,932.02160645
910.25543213,932.02160645
917.67266846,323.89773560
917.67266846,323.89773560
916.81500244,415.59967041
915.31915283,566.99676514
920.08770752,201.87364197
915.31915283,566.99676514
909.59832764,1042.35974121
911.13592529,946.11608887
910.02111816,1034.95080566
914.54864502,656.26123047
910.43115234,1002.65087891
916.41467285,510.89608765
913.29656982,780.09747314
917.24346924,461.22463989
918.90997314,280.66821289
918.21527100,391.69168091
920.61962891,185.32424927
912.88989258,827.00299072
914.85461426,687.46118164
907.55743408,1303.99768066
907.55743408,1303.99768066
911.04638672,1009.73150635
916.40924072,556.37609863
913.31347656,836.23559570
911.98919678,951.31011963
914.46960449,792.48571777
914.46960449,792.48571777
910.66162109,1130.74121094
920.10418701,317.28015137
916.38201904,696.82458496
917.48797607,582.28045654
912.28161621,1024.64501953
917.57647705,594.70886230
911.69262695,1091.77160645
911.69262695,1091.77160645
913.88623047,912.43170166
907.88922119,1424.33862305
915.98773193,758.23687744
916.65093994,708.73107910
903.53790283,1794.84472656
921.05413818,298.86416626
903.49102783,1848.99401855
915.63708496,823.84936523
915.20300293,857.73455811
915.20300293,857.73455811
918.22082520,600.96246338
915.55877686,847.00738525
915.55877686,847.00738525
918.71429443,573.18731689
915.70770264,832.10528564
915.70770264,832.10528564
921.02209473,402.56820679
919.58795166,542.71209717
919.58795166,542.71209717
917.24078369,737.62365723
920.87670898,441.96020508
918.97119141,605.96051025
914.46850586,995.86138916
912.59008789,1160.65100098
915.00164795,972.54522705
914.65948486,1000.61492920
916.01788330,893.58673096
909.27349854,1475.72949219
908.25976562,1542.50402832
915.52929688,944.57135010
924.54010010,185.70669556
919.47448730,631.80963135
921.83489990,449.62213135
925.46020508,130.80807495
920.74792480,557.84082031
920.77624512,551.22772217
919.41711426,687.32604980
922.90704346,387.07467651
916.33636475,978.63256836
925.39215088,260.10345459
920.14984131,644.21704102
919.44677734,702.19384766
916.33636475,978.63256836
928.49932861,1.35678637
916.57073975,1007.91748047
916.57073975,1007.91748047
916.58367920,1003.79669189
918.19287109,878.41101074
918.19287109,878.41101074
916.30749512,1042.27465820
917.02307129,989.57513428
919.87445068,754.28320312
921.14666748,640.77899170
924.11285400,407.49792480
919.81201172,777.53009033
918.43908691,912.13977051
922.43231201,579.08441162
916.33624268,1100.43762207
916.33624268,1100.43762207
921.24707031,683.65124512
918.14703369,967.12951660
923.31646729,536.50799561
925.33410645,393.18978882
925.33410645,393.18978882
925.11737061,383.44186401
919.59741211,892.78485107
918.20257568,1015.41412354
930.98297119,14.64866734
918.39672852,1008.99963379
919.17883301,958.02734375
923.02630615,607.88562012
923.02630615,607.88562012
917.09130859,1122.84118652
920.74243164,843.15008545
920.37335205,900.52966309
920.37335205,900.52966309
920.17340088,924.92675781
918.80419922,1050.78674316
920.05609131,935.39331055
920.05609131,935.39331055
920.71997070,908.33294678
925.16278076,547.11285400
910.83392334,1803.66381836
924.90545654,591.08923340
919.10784912,1153.06945801
920.67413330,996.60083008
921.22863770,980.53027344
926.51403809,519.23132324
923.15325928,818.66925049
927.02148438,492.85879517
922.15234375,947.18743896
922.15234375,947.18743896
926.88659668,531.40167236
922.80456543,915.05926514
928.74591064,439.96612549
926.46142578,612.68951416
925.96630859,669.00970459
925.96630859,669.00970459
924.50775146,791.59045410
932.13201904,129.61938477
932.13201904,129.61938477
924.77307129,761.96185303
925.66271973,707.16381836
925.66271973,707.16381836
926.26171875,674.79724121
925.24926758,751.26098633
926.09411621,681.49377441
928.63568115,464.34323120
930.65557861,305.23144531
927.16125488,618.71472168
926.31451416,730.83813477
923.70025635,929.67639160
927.16125488,618.71472168
923.08258057,1000.41033936
913.43762207,1879.01965332
924.23236084,938.71740723
924.23236084,938.71740723
924.83197021,885.74273682
925.40374756,838.09466553
930.48754883,394.53744507
917.62084961,1537.68176270
927.52252197,654.59387207
924.28063965,975.17022705
924.73016357,966.76824951
935.26568604,28.54883766
927.12603760,775.37854004
923.10314941,1133.03649902
929.77722168,551.39648438
923.57458496,1129.08679199
930.34637451,532.33343506
926.65417480,882.95220947
919.52966309,1542.34460449
927.17388916,857.24670410
929.51226807,677.35284424
926.02478027,998.16009521
929.51226807,677.35284424
928.72448730,769.84802246
928.72448730,769.84802246
930.20025635,632.64202881
927.29284668,895.01318359
927.97210693,848.21697998
926.24981689,1012.08538818
917.66827393,1797.95507812
927.18481445,942.94537354
931.09552002,606.49609375
925.04956055,1156.93298340
934.42041016,318.92846680
928.62768555,842.34234619
930.58215332,683.24847412
930.58215332,683.24847412
928.56140137,880.46398926
928.56140137,880.46398926
936.62921143,173.37852478
929.05456543,872.80664062
927.86639404,920.12481689
928.31524658,954.30316162
928.31524658,954.30316162
931.29553223,694.24383545
935.51184082,325.50061035
935.07794189,373.93640137
935.07794189,373.93640137
933.28271484,524.52911377
933.45104980,534.59204102
929.30432129,911.89636230
929.48217773,975.85369873
940.68103027,5.59107351
935.47973633,468.39331055
934.28631592,570.54724121
920.91766357,1804.96484375
920.91766357,1804.96484375
931.51000977,835.44622803
920.12670898,1870.41101074
929.26898193,1060.66357422
929.26898193,1060.66357422
929.94122314,1027.63903809
933.97882080,665.97106934
921.66296387,1853.76843262
935.10180664,608.20794678
928.59301758,1198.31030273
936.06341553,502.23452759
936.06341553,502.23452759
930.62207031,1056.15026855
934.68737793,684.40728760
932.00958252,939.12945557
935.35888672,674.18499756
938.61328125,380.30087280
931.93487549,1034.00378418
932.48986816,997.62646484
932.48986816,997.62646484
939.11785889,400.42877197
933.51678467,915.23510742
933.07537842,960.58447266
937.65618896,589.70019531
934.88043213,907.27001953
938.53704834,525.26098633
933.60992432,973.58135986
933.60992432,973.58135986
936.99841309,699.83569336
935.31408691,856.21411133
937.92926025,600.89691162
936.93383789,734.84436035
938.24279785,611.47540283
935.39526367,880.34240723
935.39526367,880.34240723
936.57580566,774.48358154
940.40997314,441.29360962
933.71160889,1079.18493652
945.17706299,13.83067799
938.11151123,693.72827148
934.55084229,1059.78088379
935.00872803,1043.41381836
935.00872803,1043.41381836
939.55303955,615.01409912
945.41473389,78.54634094
936.79309082,901.15216064
935.52911377,1018.79333496
935.52911377,1018.79333496
938.62524414,748.76593018
939.33728027,687.96405029
938.21173096,809.54382324
937.60748291,867.28094482
937.93920898,844.03131104
936.58184814,1007.74584961
939.88488770,756.18493652
944.66345215,320.75930786
940.81823730,683.78125000
942.55181885,520.96649170
940.07214355,767.71038818
943.30871582,456.42373657
928.81011963,1863.10827637
928.81011963,1863.10827637
939.85333252,838.36999512
937.42382812,1066.76782227
944.06030273,368.82345581
939.46392822,916.34271240
939.46392822,916.34271240
938.57598877,1023.22180176
941.79846191,722.69653320
944.54119873,473.99282837
945.74591064,400.81219482
942.31939697,734.46563721
939.98461914,971.46502686
942.31939697,734.46563721
941.14111328,863.14080811
942.62933350,728.00421143
942.62933350,728.00421143
941.05255127,921.33319092
941.05255127,921.33319092
943.25555420,694.00701904
940.67352295,963.63043213
940.26165771,1002.88885498
944.48010254,608.81231689
941.95361328,862.30505371
943.01544189,812.94592285
939.65814209,1147.67016602
943.56604004,819.21844482
942.56976318,932.45141602
942.56976318,932.45141602
942.08020020,1018.90008545
950.73120117,171.01147461
950.73120117,171.01147461
942.63757324,992.34014893
948.07476807,439.39712524
943.68957520,956.57196045
947.74725342,521.51861572
946.71466064,654.08502197
944.55603027,840.97772217
946.93432617,618.48168945
943.58776855,981.47485352
944.94787598,854.51318359
947.95471191,599.78009033
935.57965088,1803.23059082
934.92260742,1889.74340820
934.92260742,1889.74340820
934.92260742,1889.74340820
936.11065674,1860.24694824
946.80316162,789.60418701
949.77313232,536.58984375
945.21606445,1016.08642578
955.93859863,52.71230698
943.36114502,1126.77856445
946.28619385,898.30975342
955.44799805,38.56784439
955.57415771,32.36612701
945.72888184,1007.92138672
948.44335938,811.04815674
938.34930420,1880.50292969
950.80657959,589.18322754
948.16052246,919.68914795
948.02642822,978.31427002
949.08258057,870.35797119
949.46044922,856.61248779
947.60437012,1037.78735352
947.23718262,1100.08459473
951.97503662,627.12646484
951.97503662,627.12646484
949.12390137,928.85803223
947.24481201,1148.98791504
947.59326172,1085.64538574
949.48583984,914.39129639
952.89489746,607.06738281
949.83911133,964.46502686
951.72882080,802.32739258
953.56689453,615.11614990
942.75732422,1812.22521973
942.75732422,1812.22521973
950.61193848,1043.41931152
950.55578613,1056.79943848
947.99285889,1353.15075684
947.99285889,1353.15075684
953.25213623,789.20611572
950.80651855,1049.37744141
950.80651855,1049.37744141
954.46972656,672.17559814
954.46972656,672.17559814
951.51452637,1000.55627441
960.56958008,58.49645233
954.25823975,860.23895264
952.88604736,988.02716064
955.15277100,772.47540283
947.75567627,1548.18627930
952.27020264,1078.81213379
955.75878906,778.80114746
952.50238037,1109.77148438
957.13195801,621.47290039
954.79278564,879.84387207
953.59136963,1011.49224854
962.80700684,128.92924500
953.23724365,1072.81030273
953.23724365,1072.81030273
953.23724365,1072.81030273
953.08361816,1139.79809570
955.45587158,870.30291748
954.29754639,1035.07568359
954.92620850,995.67437744
963.30249023,122.30790710
955.48181152,947.44586182
955.48181152,947.44586182
946.51910400,1909.08142090
954.17053223,1107.43237305
956.50146484,890.06958008
944.43896484,1780.35046387
955.46453857,1022.05047607
959.09808350,695.27124023
964.18933105,146.46716309
949.64062500,1806.01940918
957.33905029,943.65618896
956.40209961,1059.90112305
959.86450195,707.67742920
957.82617188,951.49212646
965.56378174,153.55723572
965.56378174,153.55723572
953.78833008,1471.79064941
959.27014160,924.11157227
957.21478271,1096.52917480
958.87957764,972.48913574
958.87957764,972.48913574
958.68872070,1108.42199707
961.13269043,850.35516357
960.34906006,951.28936768
951.67681885,1881.31970215
958.75933838,1121.83605957
961.37316895,855.89300537
969.23492432,202.54913330
953.33917236,1864.71643066
961.40600586,960.50482178
960.75897217,1071.10766602
960.75897217,1071.10766602
964.06414795,761.43804932
962.15417480,985.29296875
964.48730469,753.91552734
964.08520508,792.23809814
961.93688965,1041.56774902
965.16363525,694.48730469
965.16363525,694.48730469
963.02423096,1128.78771973
964.14575195,1037.80957031
971.22045898,295.79238892
964.76965332,1046.52087402
965.57653809,954.31524658
964.76965332,1046.52087402
965.38140869,1020.46899414
966.80841064,840.12872314
963.75207520,1059.57873535
966.64489746,965.55456543
966.90167236,949.36572266
961.19268799,1912.76281738
967.87847900,1033.67602539
967.87847900,1033.67602539
970.34069824,781.08154297
970.60754395,848.58984375
962.09887695,1872.62805176
971.60595703,859.87481689
971.10583496,1004.20581055
971.26428223,979.76263428
971.72918701,951.43078613
972.92114258,873.82458496
970.06787109,1210.19897461
972.29815674,1080.35290527
972.10314941,1214.55725098
972.10314941,1214.55725098
969.63043213,1547.98474121
974.24822998,1033.23486328
976.76068115,942.36956787
977.96203613,868.53833008
977.63800049,973.48742676
977.52819824,953.20330811
982.54168701,352.75610352
970.67065430,1869.24096680
983.05853271,359.17904663
979.64501953,966.80957031
976.98510742,1353.54553223
980.10607910,1028.09423828
974.94378662,1908.28369141
982.35485840,933.88647461
975.37957764,1889.86962891
976.24261475,1807.91955566
976.24261475,1807.91955566
976.66754150,1818.69970703
976.66754150,1818.69970703
988.20800781,385.30117798
983.43627930,1039.20361328
983.43688965,1070.37536621
984.33404541,966.06195068
988.71496582,432.42150879
988.71496582,432.42150879
978.09594727,1915.86083984
984.88726807,1051.49829102
985.28643799,1058.65979004
986.16540527,1065.56616211
982.99792480,1548.09643555
983.76293945,1481.47705078
993.26116943,471.15994263
989.16156006,1030.53808594
984.71130371,1813.92687988
995.09338379,503.78109741
990.32104492,1351.01440430
987.87713623,1829.05468750
997.90112305,623.82659912
991.13372803,1817.50451660
998.47430420,1045.74462891
994.33837891,1540.22082520
1002.60980225,589.77239990
997.66662598,1413.58227539
1004.56677246,625.89074707
1006.02850342,631.78527832
1006.02850342,631.78527832
1003.54479980,1688.15136719
1004.75189209,1616.83129883
1011.23480225,800.67340088
1005.89239502,1833.26831055
1008.78094482,1337.35131836
1007.15948486,1820.43322754
1013.82751465,717.15832520
1009.45202637,1682.70214844
1015.10101318,756.83502197
1009.62145996,1678.08166504
1016.05224609,715.00299072
1012.91607666,1761.22644043
1013.52703857,1904.85742188
1019.50988770,895.90887451
1020.39190674,808.61767578
1020.46990967,1340.17077637
1020.46990967,1340.17077637
1030.66711426,24.53980827
1022.35614014,1823.79370117
1032.73803711,31.74460220
1026.45043945,1839.05212402
1027.44335938,1887.71069336
1028.44079590,1680.40795898
1027.26281738,1905.78649902
1032.52832031,955.49993896
1039.99804688,28.45170403
1038.60510254,1681.08898926
1039.96057129,1612.85620117
1044.79003906,1693.59704590
1046.65417480,1829.48498535
1061.05920410,149.02102661
1063.66955566,147.08331299
1063.66955566,147.08331299
1066.38049316,129.48812866
1067.86901855,142.83666992
1067.86901855,142.83666992
1068.17578125,86.67414856
1069.45983887,177.87959290
1069.45983887,177.87959290
1070.10729980,207.61312866
1071.52636719,187.63107300
1071.65051270,132.36955261
1071.67272949,397.49581909
1072.98400879,165.87716675
