61.20647812,1283.11401367
52.06814575,1352.48901367
58.23189163,1323.54785156
54.78075790,1358.58715820
63.68130493,1364.61608887
97.56113434,1207.71118164
75.28219604,1453.08642578
118.69561768,1254.18762207
128.17649841,1219.47326660
125.41130829,1257.23767090
135.12306213,1290.11303711
147.57820129,1227.56774902
153.71836853,1201.86865234
166.57933044,1144.04565430
156.53811646,1224.51940918
161.54144287,1229.62084961
187.50917053,1062.68554688
186.90032959,1118.54907227
214.73730469,1074.26647949
220.34097290,1037.35168457
223.46603394,1035.27502441
213.96093750,1141.13842773
222.90422058,1069.60571289
227.81538391,1102.12524414
221.93093872,1153.62866211
239.41491699,1051.27868652
242.52951050,1053.51452637
238.38537598,1141.66259766
251.15286255,1055.84545898
253.10133362,1079.26635742
262.00753784,1052.15637207
261.85635376,1096.46057129
271.42068481,1100.53088379
283.58679199,1127.32702637
248.00813293,1691.48315430
258.49203491,1729.65258789
266.95251465,1717.38134766
276.20962524,1660.49462891
276.20962524,1660.49462891
287.82040405,1651.57348633
290.52175903,1649.42333984
291.11145020,1642.19152832
292.27993774,1656.17114258
301.26916504,1642.60449219
325.36260986,1249.82434082
303.70791626,1646.76599121
328.32711792,1253.22180176
306.38626099,1642.83129883
312.09634399,1643.02087402
338.84765625,1248.90063477
315.35198975,1729.19226074
340.60980225,1245.28991699
344.83551025,1176.78833008
347.23986816,1255.08496094
335.12619019,1575.66540527
349.87228394,1261.31811523
337.53350830,1543.66760254
353.44207764,1265.51281738
354.16744995,1256.16381836
337.19354248,1719.66589355
358.13888550,1247.14123535
365.94692993,1252.73669434
369.95077515,1249.66857910
369.95077515,1249.66857910
357.06768799,1653.01110840
374.60308838,1252.74560547
382.47097778,1255.72619629
376.99707031,1646.40234375
388.43112183,1252.95666504
389.11962891,1256.27734375
378.12884521,1695.12402344
378.12884521,1695.12402344
389.40795898,1335.85461426
381.75637817,1696.65441895
388.30191040,1700.04321289
400.67358398,1171.19165039
390.97369385,1680.52612305
390.97369385,1680.52612305
393.45355225,1662.27185059
393.65435791,1698.39892578
394.83535767,1687.74694824
399.43051147,1658.52001953
400.36730957,1666.03613281
400.75363159,1700.28723145
400.75363159,1700.28723145
410.42913818,1713.03979492
415.38134766,1725.23486328
416.80908203,1708.78112793
420.00390625,1715.14025879
423.81179810,1728.32409668
423.81179810,1728.32409668
455.83959961,1642.44494629
462.56408691,1726.29699707
472.05584717,1728.42285156
477.30383301,1729.16760254
477.30383301,1729.16760254
477.22433472,1663.84899902
479.82107544,1659.83312988
492.67260742,1750.44372559
499.26724243,1661.19531250
500.60641479,1649.83618164
504.89993286,1737.42578125
505.37310791,1650.59045410
514.90960693,1757.14489746
517.08056641,1646.37707520
521.58575439,1742.81115723
519.06829834,1656.79357910
525.08245850,1782.94970703
526.22253418,1760.67382812
526.22253418,1760.67382812
526.89910889,1754.12829590
524.71179199,1666.46838379
526.13769531,1648.49670410
538.66516113,1764.09106445
550.36187744,1765.98876953
552.20996094,1763.10180664
565.30419922,1790.06323242
564.84545898,1775.85888672
569.57818604,1759.62158203
570.63604736,1752.81579590
602.82598877,1776.53796387
606.93408203,1788.62951660
608.98950195,1735.44250488
610.12615967,1719.36022949
662.19244385,1634.34643555
668.59155273,1640.08740234
668.59155273,1640.08740234
713.71038818,1050.64892578
723.89471436,1032.34814453
1045.85925293,1844.90649414
16.07258606,1447.25012207
73.54055023,1296.95886230
102.95642090,1213.04760742
103.53913116,1207.54748535
109.33205414,1202.02551270
111.31211853,1199.97717285
111.27516937,1235.75988770
113.94927216,1196.87182617
113.89686584,1308.92517090
122.06632996,1390.79504395
131.31327820,1323.01660156
131.31327820,1323.01660156
135.09515381,1311.50292969
136.27784729,1316.52966309
141.56767273,1351.29455566
124.06874847,1657.88525391
149.73651123,1387.42700195
143.64369202,1498.93200684
153.82144165,1419.62561035
155.72282410,1445.73767090
160.17347717,1459.60278320
170.84158325,1301.58203125
172.06831360,1311.99084473
175.66697693,1320.42248535
176.49467468,1308.22949219
180.21565247,1305.23229980
179.65206909,1323.60754395
180.61514282,1306.90173340
181.78503418,1313.64062500
182.58241272,1344.09143066
184.12348938,1317.87695312
180.57885742,1401.09277344
188.13226318,1346.66992188
204.81848145,1391.41723633
205.37358093,1396.59948730
210.28775024,1364.87585449
212.19125366,1354.38195801
211.76696777,1370.69921875
216.37327576,1354.93151855
219.61520386,1359.06701660
221.73141479,1353.10119629
221.73141479,1353.10119629
225.41622925,1348.46228027
225.41622925,1348.46228027
228.84475708,1352.88122559
231.79237366,1346.30395508
231.86625671,1346.13293457
227.66696167,1488.25244141
227.76077271,1488.12451172
237.95359802,1347.24682617
233.62680054,1459.36413574
241.84002686,1345.56335449
239.91145325,1394.27465820
239.91145325,1394.27465820
242.43362427,1349.71508789
243.35693359,1385.74475098
242.89643860,1394.85485840
248.01875305,1384.52270508
248.77148438,1372.40991211
291.64660645,1290.16430664
291.98025513,1331.65515137
297.94012451,1269.25878906
297.94012451,1269.25878906
302.25573730,1275.47668457
307.29339600,1272.42639160
326.21862793,1194.57177734
326.37643433,1192.18518066
326.37643433,1192.18518066
323.89324951,1267.24304199
327.33773804,1199.77124023
328.69540405,1186.57617188
329.10842896,1197.17126465
330.01272583,1194.23571777
330.19961548,1267.89416504
335.88583374,1193.33129883
342.96020508,1183.67199707
338.59155273,1279.07214355
346.47958374,1280.08886719
334.13919067,1593.26318359
348.98638916,1269.94201660
348.98638916,1269.94201660
350.52630615,1238.57543945
350.52630615,1238.57543945
351.40060425,1222.62011719
340.44039917,1553.66015625
354.48812866,1270.78479004
356.28015137,1242.24206543
356.28015137,1242.24206543
356.61315918,1261.56677246
359.74124146,1228.39746094
350.82812500,1465.74865723
361.49722290,1257.51293945
363.41665649,1230.08215332
362.76675415,1244.68774414
354.36621094,1438.07592773
362.32293701,1271.17993164
364.21475220,1262.17565918
365.00186157,1248.03735352
366.62460327,1228.92871094
364.92599487,1282.19470215
365.98437500,1266.82104492
362.80740356,1395.30859375
353.28176880,1618.20251465
372.69659424,1187.17834473
373.29974365,1267.76513672
377.51559448,1173.96777344
366.54766846,1471.90747070
378.01745605,1234.80444336
380.29180908,1232.11828613
379.31393433,1264.08703613
379.72033691,1273.23120117
382.33145142,1235.52319336
382.10775757,1268.80700684
384.07083130,1273.69360352
385.74761963,1264.64599609
387.84249878,1227.73425293
388.13735962,1269.09619141
383.69253540,1383.72534180
390.52212524,1274.47302246
392.60031128,1265.09106445
405.66705322,967.48950195
404.10369873,1017.41851807
402.08627319,1066.06103516
402.08627319,1066.06103516
401.51229858,1100.04125977
403.16653442,1079.58117676
406.27035522,1009.11157227
406.27035522,1009.11157227
395.31893921,1269.70861816
396.02191162,1274.93835449
399.73132324,1194.23852539
407.16726685,1038.69299316
407.16726685,1038.69299316
391.59121704,1412.66882324
406.66708374,1086.87963867
406.66708374,1086.87963867
392.96340942,1421.52148438
399.48254395,1270.48559570
400.82702637,1275.64978027
405.47372437,1181.27307129
416.85140991,924.36273193
406.78735352,1171.83300781
416.55963135,945.87756348
416.55963135,945.87756348
418.93292236,918.42437744
418.93292236,918.42437744
403.65670776,1281.07214355
412.37640381,1076.52062988
404.20803833,1270.66845703
416.77606201,978.32373047
404.91186523,1262.19995117
410.08563232,1149.89282227
409.80621338,1170.38134766
419.41259766,948.89996338
406.06613159,1275.74719238
412.05844116,1136.79125977
415.14001465,1079.02136230
415.14001465,1079.02136230
422.03582764,917.35723877
419.44625854,984.54638672
407.77972412,1267.09973145
416.23800659,1083.34008789
423.43017578,930.06176758
423.43017578,930.06176758
420.94787598,993.42016602
420.94787598,993.42016602
409.84729004,1271.41137695
415.37854004,1170.09240723
412.56958008,1267.29907227
426.00680542,960.80603027
424.73855591,993.40838623
425.22100830,987.31652832
426.99288940,945.18322754
423.07525635,1046.18444824
418.57284546,1157.80273438
418.57284546,1157.80273438
428.15890503,933.88366699
414.12463379,1272.13964844
429.42138672,921.77893066
414.79135132,1277.02258301
425.57098389,1031.67309570
417.14035034,1268.29052734
426.22485352,1063.45605469
421.27746582,1183.71789551
418.66192627,1282.58984375
419.31155396,1272.91845703
420.69506836,1264.40881348
431.91940308,993.59967041
429.35330200,1065.80236816
432.79257202,990.83148193
427.92254639,1112.71801758
425.41949463,1183.96435547
409.40676880,1585.07373047
433.17391968,1012.67651367
429.57907104,1116.02539062
423.98971558,1269.45971680
428.11370850,1177.13256836
427.88088989,1187.62500000
433.19442749,1066.70556641
426.42105103,1273.54760742
430.65667725,1174.25195312
427.59240723,1264.81152344
432.36901855,1158.89916992
430.81997681,1200.61328125
429.17333984,1260.31604004
428.79507446,1278.68005371
428.79507446,1278.68005371
437.02261353,1137.24755859
431.61651611,1274.58056641
443.40744019,988.38116455
446.35018921,916.80340576
432.79623413,1252.07727051
433.48321533,1244.51367188
432.66421509,1265.57971191
443.67221069,1001.95458984
437.12826538,1165.25427246
436.08526611,1211.97131348
434.57095337,1262.64648438
433.96105957,1279.25219727
447.87130737,945.01177979
449.61157227,921.37304688
435.54470825,1270.50854492
438.10244751,1209.83886719
450.91622925,901.10711670
439.65182495,1189.42846680
451.86154175,890.99884033
444.08074951,1100.32287598
437.42501831,1274.98339844
454.02273560,874.04797363
454.02273560,874.04797363
438.76535034,1266.11975098
441.66070557,1196.39526367
441.76501465,1206.10510254
441.61654663,1211.40527344
443.43862915,1175.76110840
440.86614990,1242.12377930
440.89956665,1242.28125000
439.87564087,1279.61340332
439.87564087,1279.61340332
439.87564087,1279.61340332
439.87564087,1279.61340332
443.56738281,1197.77465820
440.85437012,1271.58935547
442.78179932,1227.03759766
444.88726807,1204.46057129
444.89242554,1224.96850586
455.19161987,969.75848389
446.66146851,1200.96594238
445.65048218,1229.66113281
447.63488770,1187.38110352
451.85928345,1108.02148438
447.90093994,1234.60852051
458.32723999,985.58068848
450.51937866,1183.99609375
447.01751709,1275.90637207
450.98471069,1192.86572266
460.55453491,971.60003662
460.55453491,971.60003662
456.97784424,1090.81030273
453.28262329,1188.34814453
454.17050171,1177.89099121
455.84750366,1153.77563477
463.16876221,970.57617188
455.66647339,1165.82958984
456.73666382,1141.46984863
463.24618530,976.30566406
458.09054565,1116.75219727
456.07873535,1181.65783691
456.07873535,1181.65783691
455.07879639,1232.85986328
453.68734741,1276.82165527
456.90283203,1198.03356934
466.36834717,974.42346191
457.07556152,1219.46105957
468.28768921,935.16186523
468.52056885,935.26770020
459.25540161,1178.91894531
458.14273071,1230.57946777
456.74142456,1267.60888672
474.66726685,859.85467529
464.71960449,1182.91772461
463.86529541,1236.69238281
472.92724609,1004.20098877
470.55767822,1082.71716309
467.02050781,1180.76452637
467.04345703,1193.64184570
464.82861328,1273.99353027
468.40075684,1191.02014160
468.84255981,1185.83251953
467.67742920,1227.39367676
474.42959595,1075.00646973
474.42959595,1075.00646973
484.87048340,809.03326416
470.69540405,1183.19531250
470.69540405,1183.19531250
472.21264648,1189.81799316
472.21264648,1189.81799316
471.95364380,1270.20202637
474.25653076,1275.18017578
467.88122559,1452.18615723
487.34701538,958.88470459
487.34701538,958.88470459
468.53210449,1459.62573242
479.92092896,1181.55468750
479.94485474,1190.26940918
479.94485474,1190.26940918
479.94485474,1190.26940918
482.00057983,1187.89697266
484.97799683,1191.93103027
488.58447266,1101.45178223
485.97711182,1187.75805664
488.25775146,1131.25524902
488.01782227,1149.30810547
489.50799561,1117.99938965
487.41711426,1180.44189453
490.25344849,1123.59240723
493.45925903,1048.75964355
491.28759766,1110.40075684
491.28759766,1110.40075684
485.33935547,1271.18176270
493.92529297,1065.72045898
495.60650635,1028.47253418
490.68017578,1167.32556152
490.95495605,1182.09094238
494.03933716,1107.80041504
494.22753906,1130.89892578
492.08291626,1188.83532715
499.28860474,1008.44378662
493.28894043,1173.12280273
493.28894043,1173.12280273
500.41012573,983.62219238
489.23321533,1286.26977539
489.23321533,1286.26977539
489.43841553,1286.38427734
489.43841553,1286.38427734
494.42706299,1184.70239258
494.83825684,1177.47290039
498.34039307,1093.02319336
498.34039307,1093.02319336
495.33694458,1180.64819336
499.38720703,1074.71228027
499.38720703,1074.71228027
495.44839478,1193.81335449
500.55468750,1096.64221191
500.55468750,1096.64221191
500.86691284,1090.94750977
494.12704468,1284.13781738
508.56365967,953.33685303
500.35775757,1177.86242676
498.99572754,1221.21252441
501.83660889,1159.20324707
501.35861206,1173.41625977
509.73901367,945.93084717
499.29022217,1235.55346680
498.12091064,1275.48986816
515.30511475,837.44561768
507.20364380,1060.32312012
515.94689941,825.45605469
515.94689941,825.45605469
515.94689941,825.45605469
513.76275635,887.69885254
507.55343628,1066.54162598
502.51516724,1206.67553711
503.30706787,1188.31750488
512.04687500,950.12762451
503.90127563,1179.45263672
507.02392578,1103.65661621
504.72714233,1175.06958008
519.36676025,781.83154297
510.30187988,1040.09008789
510.30187988,1040.09008789
504.55273438,1201.43469238
518.41687012,828.65802002
518.08746338,839.47149658
518.08746338,839.47149658
520.72540283,768.24847412
504.14144897,1225.70861816
520.96789551,762.22741699
513.57458496,971.94720459
504.41403198,1225.45068359
513.00177002,996.16613770
507.16723633,1157.08862305
515.04577637,943.84710693
508.29971313,1136.90039062
505.90725708,1216.87805176
511.42208862,1082.53308105
510.77105713,1103.04248047
504.58041382,1278.23156738
513.11669922,1044.05395508
512.51330566,1063.26391602
512.98028564,1056.46923828
508.33346558,1193.42749023
508.28491211,1203.02783203
520.73632812,858.25128174
522.84216309,800.37902832
521.99035645,835.37445068
509.41452026,1184.81884766
523.94464111,787.73156738
524.49407959,776.49499512
517.79266357,967.10217285
519.98419189,907.23138428
522.24804688,850.57678223
516.14056396,1021.80938721
516.14056396,1021.80938721
519.22650146,941.93377686
524.11199951,813.45141602
511.39733887,1168.07897949
522.54870605,874.12817383
522.38037109,898.50714111
525.77569580,805.44934082
525.02087402,828.82836914
510.03713989,1247.21972656
510.03713989,1247.21972656
517.11462402,1051.21252441
526.51141357,792.67633057
517.88781738,1038.19750977
524.06860352,866.28631592
527.62951660,780.90051270
512.18206787,1213.16784668
520.76184082,988.31268311
521.67742920,982.71209717
523.87896729,921.87145996
523.87896729,921.87145996
524.46844482,905.90264893
514.72363281,1199.48303223
520.79595947,1041.22827148
520.81860352,1047.83398438
525.62646484,919.38702393
517.61273193,1165.12487793
516.95574951,1193.67517090
517.43481445,1187.37207031
517.72186279,1196.86437988
524.28656006,1016.29803467
518.50909424,1209.14257812
525.18078613,1021.32507324
525.18078613,1021.32507324
518.14410400,1224.62597656
536.30242920,720.52636719
536.54260254,745.00238037
522.20654297,1177.10974121
527.14672852,1055.62121582
527.14672852,1055.62121582
539.64172363,719.07824707
541.01770020,698.63946533
524.15014648,1183.38720703
523.13317871,1239.55090332
526.73889160,1169.69812012
526.73889160,1169.69812012
525.58105469,1205.21936035
542.48944092,722.93530273
542.33294678,731.27862549
531.99920654,1026.58361816
543.22186279,725.16827393
542.60125732,750.99835205
528.85528564,1163.76953125
546.74475098,661.11962891
546.74475098,661.11962891
527.36907959,1216.64038086
528.85699463,1182.33166504
528.97473145,1211.67321777
547.14825439,720.12573242
532.31365967,1152.31286621
532.24792480,1170.40551758
533.09460449,1165.69262695
533.09460449,1165.69262695
532.20483398,1201.25378418
535.43530273,1119.34472656
535.84124756,1110.83862305
549.28778076,729.32409668
536.73248291,1098.04223633
537.35668945,1082.32751465
524.54156494,1463.21997070
534.87078857,1186.81091309
534.87078857,1186.81091309
534.49597168,1208.16662598
537.83514404,1116.56970215
559.11944580,524.55334473
538.23590088,1147.07775879
538.20336914,1174.72229004
538.65917969,1162.41870117
538.65917969,1162.41870117
552.16229248,781.64709473
538.37866211,1183.92565918
536.91693115,1233.05529785
536.91693115,1233.05529785
544.78491211,1020.61260986
538.31146240,1213.30615234
540.42327881,1156.43957520
540.42327881,1156.43957520
540.79699707,1152.34179688
539.40405273,1197.56457520
554.80615234,753.29626465
546.16278076,1013.00299072
557.32672119,688.75268555
544.75689697,1058.12585449
557.61468506,707.04864502
539.80242920,1228.90808105
539.80242920,1228.90808105
542.55065918,1163.57189941
553.01483154,858.61126709
543.22003174,1159.30358887
543.22003174,1159.30358887
554.48193359,829.61840820
553.91088867,849.33697510
543.01940918,1173.72644043
564.79760742,534.93286133
550.08618164,967.74291992
544.08032227,1150.32312012
560.51007080,698.10260010
550.32012939,1015.89160156
544.02648926,1229.44348145
561.97137451,706.08593750
558.15429688,820.40307617
558.53143311,809.51562500
556.95758057,862.65771484
563.12725830,684.74328613
548.00372314,1138.23461914
557.49877930,861.03863525
550.88061523,1107.13098145
563.41552734,750.14147949
549.78320312,1160.18200684
548.83917236,1205.10461426
555.63464355,1010.98791504
561.52465820,847.80700684
548.17755127,1252.89929199
552.35540771,1139.05639648
552.15765381,1173.41271973
552.54803467,1166.46655273
564.06939697,845.07623291
554.12847900,1144.29858398
564.67504883,838.43225098
563.53424072,886.07257080
561.07653809,964.83746338
561.07653809,964.83746338
556.80889893,1107.11145020
567.06799316,807.34185791
557.94976807,1089.20971680
565.65466309,860.72265625
560.90716553,1006.94995117
566.98168945,843.22540283
566.94311523,851.59503174
556.53118896,1174.44445801
555.88879395,1196.65539551
556.38885498,1201.08764648
560.03503418,1102.18273926
563.98272705,987.68377686
562.84155273,1026.22644043
563.17626953,1036.73193359
559.67883301,1144.90588379
565.93707275,966.81848145
559.68426514,1169.06176758
559.68426514,1169.06176758
564.93060303,1018.09283447
567.95690918,930.38446045
570.00854492,871.32861328
571.45617676,853.26281738
571.00646973,869.53643799
559.42840576,1222.27636719
562.54730225,1136.53247070
567.17956543,1001.88677979
566.88165283,1015.31896973
560.84667969,1201.24218750
569.41027832,968.86907959
568.47351074,998.14923096
573.26196289,853.99365234
564.88836670,1130.10644531
569.99218750,1004.61029053
576.97180176,805.26379395
564.27984619,1197.27880859
580.47918701,706.84234619
578.73852539,760.95819092
566.33923340,1140.26867676
578.58178711,767.60693359
579.25549316,747.96331787
578.30413818,780.69653320
579.18414307,755.79180908
579.76818848,741.50372314
576.98730469,859.05883789
574.50506592,939.95178223
574.50506592,939.95178223
568.66210938,1123.00549316
572.89056396,999.11639404
583.79602051,670.35595703
571.96795654,1035.84289551
571.43817139,1056.47363281
571.71563721,1049.07727051
568.00518799,1166.74316406
568.00518799,1166.74316406
575.66778564,933.61737061
582.69848633,723.15051270
580.10919189,808.34820557
582.39660645,748.28857422
580.95391846,797.69091797
587.81652832,593.12091064
583.16516113,737.86981201
584.84503174,690.19506836
582.64874268,767.66369629
569.24914551,1181.33923340
580.52911377,842.89501953
575.94384766,996.62353516
580.53820801,857.46759033
573.18041992,1113.38891602
574.02630615,1088.88146973
575.30401611,1053.97277832
575.13104248,1059.49621582
574.38214111,1083.15222168
577.09686279,1002.56146240
576.14331055,1037.87683105
593.04034424,516.03088379
573.07641602,1141.25036621
572.62280273,1155.80944824
588.76147461,684.72821045
575.50494385,1098.38598633
585.77124023,783.36657715
589.82031250,667.76129150
574.90252686,1130.66137695
593.01031494,583.46624756
579.71923828,998.06469727
582.91162109,939.20733643
577.48431396,1115.67468262
577.48431396,1115.67468262
590.80847168,712.69476318
586.45538330,849.61163330
594.87341309,587.47766113
586.23382568,862.65728760
591.88812256,687.15472412
591.88812256,687.15472412
593.00207520,678.72650146
582.54620361,1013.17810059
585.57818604,921.49737549
585.57818604,921.49737549
583.60528564,983.94488525
583.33575439,997.63311768
581.96972656,1041.56774902
597.70886230,549.96527100
586.24926758,915.71160889
586.24926758,915.71160889
594.19189453,671.31964111
584.45751953,978.08294678
584.45751953,978.08294678
582.67028809,1034.11743164
579.85260010,1123.94677734
596.70452881,598.91363525
596.70452881,598.91363525
586.17437744,935.20294189
582.05261230,1070.83251953
582.05261230,1070.83251953
582.05261230,1070.83251953
597.74310303,582.32232666
593.21112061,727.05206299
583.92285156,1019.50256348
593.59582520,720.06762695
580.46771240,1132.10717773
579.55358887,1161.71118164
596.01489258,645.58367920
596.01489258,645.58367920
581.22467041,1115.82336426
600.30059814,519.23846436
582.64123535,1077.41186523
582.64123535,1077.41186523
588.93261719,885.26287842
595.43103027,682.94750977
586.20843506,975.24261475
601.00671387,523.97717285
586.34704590,1000.33288574
585.68957520,1024.25256348
597.46014404,655.93768311
598.39544678,626.77819824
598.39544678,626.77819824
586.34967041,1009.66333008
586.34967041,1009.66333008
586.34967041,1009.66333008
596.30822754,705.36572266
582.95178223,1126.15014648
582.95178223,1126.15014648
590.26947021,897.29748535
590.26947021,897.29748535
582.64721680,1139.78759766
598.27246094,661.30694580
595.16302490,763.31689453
595.16302490,763.31689453
600.31799316,601.41351318
599.08758545,643.07531738
598.31115723,673.46960449
584.14514160,1134.52905273
584.66424561,1120.90551758
583.48181152,1158.44909668
594.31286621,820.08361816
583.96228027,1150.06604004
591.44610596,915.78558350
599.63494873,665.72875977
594.31158447,841.68218994
577.38067627,1383.22778320
590.04467773,986.19958496
567.33703613,1710.40332031
591.84783936,934.54614258
572.53894043,1548.49743652
586.45416260,1111.18164062
600.08624268,682.97772217
599.53497314,701.29852295
594.12548828,880.65142822
594.12548828,880.65142822
584.49639893,1188.62719727
592.90930176,921.99243164
590.11090088,1013.83868408
587.80047607,1096.01208496
587.80047607,1096.01208496
602.09771729,644.61413574
586.72192383,1137.45617676
591.11010742,1005.04388428
588.82800293,1088.20043945
604.46093750,593.62744141
588.82379150,1092.40185547
574.74548340,1542.63867188
591.18505859,1020.16687012
588.24566650,1118.69641113
598.74414062,787.09503174
587.38037109,1156.56347656
598.01837158,825.61614990
598.01837158,825.61614990
596.24743652,885.43164062
588.06640625,1146.53979492
600.73559570,746.46472168
600.73559570,746.46472168
587.11846924,1180.59118652
591.52893066,1041.67224121
591.17932129,1056.78674316
602.81121826,695.83062744
599.08862305,818.65545654
591.14318848,1072.28283691
589.67871094,1126.55554199
572.66296387,1673.00585938
606.39904785,598.41802979
590.76605225,1098.98791504
590.76605225,1098.98791504
598.78948975,843.59747314
605.54357910,638.07543945
590.45806885,1121.81018066
605.41967773,647.53424072
597.82012939,902.95349121
597.82012939,902.95349121
604.72839355,687.59643555
603.44830322,738.62072754
573.42413330,1711.11657715
573.42413330,1711.11657715
591.34564209,1144.12329102
595.33618164,1016.65228271
607.19372559,636.90179443
573.55023193,1718.17736816
573.55023193,1718.17736816
592.12573242,1133.92651367
610.12847900,559.23937988
598.93243408,923.59460449
592.00994873,1148.22119141
592.61834717,1129.71179199
592.61834717,1129.71179199
619.81927490,257.28002930
591.11077881,1178.93786621
599.00677490,929.05664062
594.11260986,1088.00329590
593.30731201,1115.40710449
595.34918213,1061.96154785
596.41638184,1031.05761719
590.95977783,1210.72375488
595.85681152,1054.04785156
608.47308350,649.36785889
591.17181396,1205.66748047
598.72668457,964.99865723
596.48956299,1038.59094238
595.18389893,1084.27270508
595.73071289,1076.10559082
593.10839844,1167.65808105
614.93054199,471.47918701
607.60394287,707.74383545
607.60394287,707.74383545
607.60394287,707.74383545
610.43389893,632.88519287
607.66540527,733.93310547
609.68676758,670.33178711
609.68676758,670.33178711
602.56347656,905.55737305
609.14794922,693.52551270
594.21350098,1177.38439941
594.21350098,1177.38439941
594.36016846,1173.59045410
606.55407715,783.59594727
606.55407715,783.59594727
577.98040771,1713.24768066
611.31890869,638.92797852
611.17999268,646.14105225
614.13415527,558.84716797
597.44256592,1101.69213867
596.37408447,1141.86328125
601.38134766,983.52478027
594.83398438,1202.67285156
599.99725342,1038.23254395
598.21972656,1097.53723145
598.21972656,1097.53723145
599.07641602,1081.56030273
575.09094238,1859.26708984
575.09094238,1859.26708984
617.97644043,474.21923828
597.99108887,1126.22827148
577.21038818,1810.67346191
600.64721680,1051.05175781
601.65454102,1018.78021240
596.73638916,1180.41613770
601.39587402,1034.28747559
601.39587402,1034.28747559
578.64294434,1780.72058105
612.09460449,697.63073730
612.09460449,697.63073730
616.88079834,549.40710449
580.73168945,1730.04809570
604.74566650,952.09460449
581.44439697,1711.91455078
581.44439697,1711.91455078
600.92004395,1079.23022461
606.14349365,910.76452637
608.70678711,828.94250488
610.19866943,781.12634277
611.02557373,754.55200195
613.26068115,683.77020264
613.13500977,702.71282959
607.33905029,892.87329102
613.58770752,690.78326416
600.37664795,1139.53283691
605.28009033,980.48004150
605.28009033,980.48004150
600.32690430,1148.97863770
601.44818115,1114.83496094
599.74987793,1174.52416992
616.01147461,645.43927002
601.83251953,1110.48742676
601.83129883,1110.63854980
621.21868896,487.74899292
616.90850830,628.58929443
586.52673340,1625.81103516
604.64691162,1036.34826660
584.03729248,1713.90869141
619.89697266,544.40032959
605.14367676,1031.81054688
605.14367676,1031.81054688
613.47906494,770.35931396
614.05621338,756.85186768
601.33734131,1179.71435547
583.74432373,1760.03173828
599.98071289,1235.87426758
618.77709961,636.52178955
624.46813965,450.91754150
620.78875732,573.18829346
600.76831055,1230.44689941
608.40112305,980.75469971
617.68212891,678.29119873
609.11431885,976.82812500
617.42810059,708.80047607
605.21197510,1112.45397949
606.62670898,1068.64123535
616.06231689,761.81909180
605.46160889,1116.78356934
605.53063965,1116.75354004
613.52380371,882.17431641
606.72900391,1107.25500488
618.50360107,721.40332031
603.55108643,1222.64221191
591.15277100,1631.82507324
591.15277100,1631.82507324
605.75878906,1158.36962891
607.99438477,1089.41552734
612.55450439,939.03839111
588.85675049,1721.36938477
588.85675049,1721.36938477
588.85675049,1721.36938477
615.61468506,839.06213379
605.44006348,1175.29211426
607.97265625,1102.78881836
607.97265625,1102.78881836
607.97265625,1102.78881836
610.37902832,1028.21606445
610.37902832,1028.21606445
611.40502930,997.50170898
610.02026367,1049.74926758
620.47802734,705.22979736
625.24920654,553.54058838
621.29962158,686.47247314
621.97607422,666.21160889
617.47302246,823.77697754
610.43096924,1058.50366211
599.69818115,1418.31774902
609.34326172,1114.08886719
590.03082275,1758.72058105
623.63952637,645.13452148
608.18664551,1170.11218262
610.18481445,1109.36816406
622.51043701,702.80255127
622.61480713,702.72747803
622.29217529,717.99859619
627.49188232,557.38153076
611.47015381,1104.47827148
613.09216309,1056.64465332
608.90612793,1197.35620117
630.43865967,481.14913940
614.50311279,1012.83319092
614.50311279,1012.83319092
624.83514404,669.25769043
631.96820068,440.52893066
610.83917236,1158.58032227
610.35382080,1175.19360352
617.51422119,949.63635254
616.27947998,993.82519531
625.49829102,693.11627197
613.73895264,1086.52868652
612.83782959,1117.08056641
620.06481934,882.96533203
592.18920898,1814.64770508
592.18920898,1814.64770508
627.11291504,654.65478516
627.11291504,654.65478516
600.49182129,1548.90979004
593.47564697,1785.20007324
593.47564697,1785.20007324
600.89764404,1537.45483398
626.07989502,699.85711670
613.89923096,1107.17297363
613.84564209,1111.63696289
595.64801025,1733.79895020
619.44769287,940.33996582
613.44836426,1142.11975098
628.27124023,646.82354736
596.43865967,1716.00219727
633.36749268,483.18301392
633.36749268,483.18301392
615.07775879,1095.98388672
596.35479736,1724.32629395
618.65258789,983.63293457
614.23876953,1132.27795410
615.93005371,1077.83251953
617.82116699,1014.95416260
617.82116699,1014.95416260
617.82116699,1014.95416260
633.22625732,503.18692017
600.88995361,1592.18969727
613.84161377,1166.24523926
628.74853516,677.55975342
623.15344238,880.63879395
629.04248047,688.55578613
616.88018799,1100.41284180
616.88018799,1100.41284180
634.98321533,495.63476562
631.54406738,622.14440918
622.01159668,944.74108887
630.76733398,650.31164551
603.94989014,1552.96032715
629.42547607,696.84527588
629.42547607,696.84527588
617.33044434,1114.48925781
620.75354004,1005.17297363
599.64202881,1718.56445312
619.70959473,1052.04943848
614.79595947,1222.50939941
618.21026611,1108.60766602
632.69934082,621.94653320
623.36053467,939.90008545
637.64080811,461.63323975
626.06872559,862.44354248
621.51391602,1027.78417969
632.88928223,648.28967285
619.44647217,1103.43151855
622.22961426,1011.16625977
638.90948486,452.21527100
607.19854736,1525.19104004
620.15618896,1090.98840332
633.80694580,633.69653320
602.19238281,1703.19494629
620.84704590,1074.23876953
606.68756104,1561.71826172
617.65338135,1192.36047363
624.85400391,950.25787354
623.52764893,995.50384521
623.52764893,995.50384521
634.79278564,619.51501465
618.88806152,1170.40881348
625.51141357,946.30993652
619.39587402,1153.64575195
639.85809326,466.36624146
639.23144531,494.89147949
639.23144531,494.89147949
626.60821533,934.54986572
626.48699951,940.23144531
626.48699951,940.23144531
623.34704590,1050.66491699
609.17968750,1532.13439941
624.92480469,1001.76062012
624.49548340,1017.43322754
624.49548340,1017.43322754
623.09631348,1065.17016602
624.02343750,1040.21386719
626.26110840,968.68035889
624.38641357,1033.71679688
626.35656738,968.70074463
636.27587891,637.03503418
620.86352539,1163.06054688
626.38470459,985.19512939
635.42004395,688.19702148
622.34466553,1137.25366211
623.72186279,1093.12231445
642.87127686,443.82681274
626.32281494,1008.10552979
626.32281494,1008.10552979
624.87036133,1060.83886719
612.30297852,1499.89416504
642.54827881,468.56454468
637.47845459,641.82470703
637.47845459,641.82470703
623.99151611,1105.13708496
623.39550781,1126.87402344
612.14697266,1517.48315430
637.59027100,653.61627197
628.67352295,961.76910400
628.67352295,961.76910400
624.87878418,1100.35180664
627.16748047,1023.10736084
637.76733398,666.73376465
632.03765869,863.31512451
637.57647705,678.26867676
623.35321045,1166.12329102
628.68695068,991.65618896
631.30395508,908.05480957
631.30395508,908.05480957
645.12731934,436.33627319
606.47277832,1769.46496582
609.13354492,1679.93811035
626.62237549,1083.13500977
626.62237549,1083.13500977
626.62237549,1083.13500977
638.36492920,691.30554199
624.80462646,1160.65148926
629.17120361,1013.94982910
629.93402100,987.95709229
629.93402100,987.95709229
627.61090088,1073.11669922
639.02502441,683.99194336
633.62646484,870.66845703
633.62646484,870.66845703
614.32220459,1533.40759277
641.00988770,618.10083008
627.48266602,1094.56103516
628.45806885,1061.86315918
628.18017578,1077.75488281
627.22521973,1112.35400391
641.17028809,642.92205811
638.88433838,722.99597168
641.68499756,635.43914795
627.56292725,1123.98559570
627.41827393,1133.55200195
628.38848877,1107.32824707
615.85107422,1545.40820312
648.38903809,429.71087646
632.78857422,973.79968262
638.66076660,776.52770996
638.66076660,776.52770996
642.16662598,660.80493164
626.98126221,1188.04736328
631.42529297,1035.66442871
615.84954834,1575.24804688
632.14355469,1019.94085693
629.87200928,1101.57885742
633.21502686,987.91125488
632.79974365,1003.37756348
642.23767090,691.41961670
632.87640381,1015.19476318
634.60382080,956.71240234
635.65362549,922.38177490
613.20782471,1701.98742676
628.92541504,1165.85473633
630.96362305,1096.46191406
637.04467773,888.69549561
618.49212646,1532.46813965
618.49212646,1532.46813965
634.45031738,983.21118164
631.42834473,1091.98791504
636.54321289,918.05792236
614.20526123,1692.79333496
614.23712158,1708.93664551
644.83795166,650.70751953
631.69738770,1110.44323730
638.61254883,872.38885498
638.61254883,872.38885498
646.32391357,610.82849121
634.49017334,1026.15661621
610.50573730,1859.44274902
610.40563965,1871.25500488
631.85546875,1131.70666504
632.33050537,1120.77124023
620.10943604,1554.16369629
645.70056152,665.35443115
634.78686523,1048.08679199
614.31036377,1761.37194824
638.85034180,908.90460205
641.81964111,812.07104492
614.16888428,1781.99560547
635.60791016,1041.65661621
637.70074463,969.35583496
639.16088867,923.68823242
639.16088867,923.68823242
636.68255615,1016.92504883
634.60552979,1093.76867676
634.60552979,1093.76867676
647.20648193,655.31115723
635.24981689,1072.53576660
614.90905762,1782.45861816
643.27764893,798.74157715
633.55712891,1141.36450195
648.68524170,614.84295654
634.82806396,1098.34606934
633.04919434,1161.25695801
646.82855225,680.78564453
646.82855225,680.78564453
644.85858154,763.79632568
635.78094482,1088.45983887
619.96801758,1641.09167480
642.20227051,868.45654297
639.93774414,948.29351807
624.00738525,1525.56945801
640.85522461,937.56219482
645.65045166,769.90344238
639.39428711,996.01635742
641.80889893,913.66253662
641.80889893,913.66253662
648.99523926,663.49768066
648.99523926,663.49768066
636.10931396,1117.42309570
623.41455078,1562.43737793
623.32098389,1570.51953125
639.88067627,990.69793701
642.12207031,913.37451172
623.39227295,1570.33972168
649.46392822,658.42633057
625.71276855,1503.71093750
640.85290527,973.93383789
642.83459473,906.62835693
619.95983887,1711.19238281
637.23358154,1106.44055176
649.38244629,684.93341064
637.54736328,1101.83825684
637.54736328,1101.83825684
625.00360107,1542.82995605
650.75097656,643.75097656
643.99578857,890.07122803
652.76776123,583.81701660
644.50885010,874.15875244
625.46490479,1552.26550293
651.62927246,633.95788574
638.93212891,1082.55810547
641.72467041,984.87628174
643.34521484,933.96826172
647.05902100,808.35485840
653.63012695,605.18200684
651.74188232,675.21136475
651.74188232,675.21136475
653.20886230,624.75939941
644.10552979,949.02960205
644.10552979,949.02960205
652.29193115,660.78692627
638.14013672,1160.84753418
623.00451660,1700.84655762
647.16644287,849.96691895
647.16644287,849.96691895
637.60528564,1189.12170410
638.96038818,1143.54492188
640.37158203,1094.99328613
640.66925049,1089.96459961
640.66925049,1089.96459961
642.64544678,1022.76989746
625.27044678,1640.66174316
643.74603271,991.00939941
643.74603271,991.00939941
653.70538330,639.32067871
643.66827393,996.07067871
637.82141113,1204.33422852
637.82141113,1204.33422852
624.03900146,1697.61791992
645.46862793,944.77026367
645.46862793,944.77026367
647.61138916,879.89617920
646.35003662,924.83441162
653.73754883,666.88903809
653.73754883,666.88903809
646.87701416,910.34783936
648.29193115,861.56030273
644.33312988,1003.21813965
646.15502930,939.70690918
629.12896729,1543.53259277
642.37457275,1076.23107910
645.82220459,956.18945312
641.09313965,1126.61840820
644.13922119,1019.77703857
653.55017090,693.31335449
653.55017090,693.31335449
642.51074219,1085.44738770
650.97650146,785.72686768
621.48999023,1836.44104004
647.04168701,932.13873291
643.27893066,1066.84838867
643.77185059,1051.57507324
644.21191406,1036.45312500
639.36187744,1211.21740723
648.53955078,885.97796631
648.53955078,885.97796631
642.23358154,1115.78540039
642.23358154,1115.78540039
642.23358154,1115.78540039
650.57940674,825.00573730
650.57940674,825.00573730
626.25524902,1689.21240234
629.87731934,1564.27392578
621.15283203,1879.65673828
621.15283203,1879.65673828
643.12835693,1103.12634277
643.21813965,1103.00109863
631.15594482,1537.15551758
630.78576660,1550.50122070
644.69805908,1059.60815430
649.91168213,876.27172852
649.91168213,876.27172852
640.65008545,1206.50366211
657.73138428,602.98809814
625.10455322,1772.49243164
644.09869385,1098.03820801
644.09869385,1098.03820801
643.00878906,1137.50170898
648.45410156,945.10504150
626.99987793,1708.38330078
649.77404785,899.03973389
649.46447754,914.71472168
657.72760010,621.72406006
648.23004150,960.51666260
648.23004150,960.51666260
643.01086426,1155.92138672
657.06579590,655.40026855
657.06579590,655.40026855
646.55798340,1031.47595215
645.32989502,1091.56384277
653.13995361,815.32037354
650.39434814,925.21496582
650.39434814,925.21496582
658.85076904,631.01416016
623.96643066,1877.09802246
645.34252930,1116.21057129
655.58264160,758.13391113
653.77764893,827.88372803
660.42822266,593.37640381
650.92340088,936.59375000
647.11816406,1073.86486816
628.94592285,1723.90783691
647.29443359,1068.97399902
646.15148926,1122.92175293
655.79949951,777.81457520
658.41033936,687.36230469
655.64135742,791.98382568
646.21588135,1129.49194336
646.21588135,1129.49194336
646.21588135,1129.49194336
649.59979248,1015.57781982
649.59979248,1015.57781982
649.59979248,1015.57781982
628.03222656,1796.38647461
646.14294434,1150.67456055
649.47039795,1031.84362793
651.58355713,958.61968994
661.10559082,624.69537354
661.93432617,598.14794922
654.14312744,879.66351318
650.94793701,998.33544922
648.26690674,1099.94958496
656.12976074,820.62622070
653.08703613,933.32482910
654.26245117,896.47448730
662.75030518,593.03491211
650.95977783,1028.17272949
654.45593262,910.63671875
653.73510742,940.28466797
647.06091309,1184.35546875
660.12695312,718.36303711
660.12695312,718.36303711
649.68963623,1094.67968750
649.68963623,1094.67968750
662.64849854,634.97485352
648.27416992,1156.07763672
659.30859375,761.29431152
663.40325928,614.64013672
658.37561035,797.20190430
651.23931885,1055.15625000
651.23931885,1055.15625000
651.81378174,1038.60998535
662.31829834,662.98925781
657.00579834,856.03021240
657.00579834,856.03021240
651.35772705,1070.81958008
659.77496338,774.02050781
659.77496338,774.02050781
632.12908936,1780.35620117
668.78839111,457.74584961
660.19927979,770.00201416
659.69946289,789.13244629
653.29943848,1020.64410400
661.41809082,735.04272461
632.72167969,1772.58886719
664.90093994,613.10882568
652.92028809,1050.04052734
648.75915527,1214.01782227
652.77166748,1078.53662109
667.58972168,546.55023193
670.95550537,424.93914795
654.45330811,1028.63415527
659.51049805,846.33941650
655.47631836,995.35345459
653.69659424,1060.39624023
669.38897705,492.92022705
658.58776855,892.05297852
664.43212891,680.35675049
655.38891602,1011.25701904
655.73309326,1001.47900391
656.88378906,962.07983398
636.02044678,1726.60974121
636.02044678,1726.60974121
661.75561523,793.35479736
658.91528320,906.61938477
636.25048828,1733.77441406
653.79486084,1096.56933594
640.14239502,1594.61389160
652.84417725,1133.19604492
672.65966797,414.84960938
634.97155762,1786.44848633
633.50726318,1842.03979492
663.42224121,756.19775391
652.92150879,1151.02209473
652.92150879,1151.02209473
671.92767334,467.06463623
669.92822266,550.29772949
664.15979004,768.83880615
659.59906006,935.71533203
659.59906006,935.71533203
658.26391602,984.82312012
669.90728760,563.49639893
655.43768311,1091.06884766
655.43768311,1091.06884766
659.14428711,973.62982178
664.04351807,797.62145996
642.36065674,1589.74804688
642.36065674,1589.74804688
670.78479004,553.08239746
668.93377686,628.27398682
670.43328857,577.86297607
663.00830078,851.41711426
675.20715332,407.46881104
669.71429443,609.30847168
661.04858398,927.21459961
658.60504150,1016.87463379
658.60504150,1016.87463379
672.91693115,494.22912598
661.29907227,919.37042236
670.29180908,593.91308594
662.09411621,895.88482666
656.04675293,1118.01501465
661.65930176,916.35668945
661.65930176,916.35668945
668.29553223,683.42419434
669.52465820,640.74676514
674.44555664,461.74343872
659.95391846,994.02752686
656.73223877,1112.54101562
662.22998047,911.60235596
667.88220215,716.88177490
667.31072998,745.74713135
663.41821289,888.44134521
646.27813721,1522.18029785
646.27813721,1522.18029785
659.59729004,1040.90258789
641.01843262,1728.70996094
665.48242188,841.50897217
645.77618408,1565.02209473
643.66223145,1644.27807617
659.86639404,1050.69567871
659.27709961,1074.25842285
657.75366211,1132.25402832
659.21881104,1083.39868164
659.47003174,1078.84484863
659.47003174,1078.84484863
674.62188721,524.90026855
656.20117188,1210.20874023
668.72235107,754.72937012
657.32598877,1179.46350098
677.31909180,444.64611816
659.78314209,1093.32312012
677.57159424,439.25643921
667.79687500,801.00872803
667.79687500,801.00872803
667.58581543,810.81713867
665.71899414,893.43988037
674.75677490,563.24371338
679.69726562,387.52307129
677.16229248,483.21643066
664.73059082,948.66601562
647.30114746,1594.82165527
666.04180908,908.23815918
650.01086426,1502.21289062
675.84008789,549.46923828
677.50573730,494.69171143
667.19158936,877.41290283
665.61907959,938.75585938
660.85089111,1115.14855957
664.77221680,971.16943359
661.66467285,1087.38708496
668.62487793,830.60662842
644.25048828,1736.62414551
678.69580078,470.54806519
665.66516113,954.85662842
670.94244385,760.25097656
665.44818115,970.38763428
664.99414062,987.90246582
659.23083496,1201.89172363
661.05541992,1142.86926270
642.45629883,1835.28271484
642.45629883,1835.28271484
659.58172607,1201.92565918
663.32110596,1064.18127441
645.48510742,1727.76806641
645.48510742,1727.76806641
646.48468018,1692.55566406
677.79174805,533.20086670
660.59588623,1171.09704590
664.41979980,1029.75195312
664.00909424,1045.90087891
680.59997559,434.33547974
670.62866211,821.19085693
678.65686035,523.50048828
671.09570312,804.81921387
642.68023682,1887.91430664
669.44146729,911.61376953
663.18646240,1146.36132812
665.13659668,1079.46911621
657.67572021,1365.75830078
670.96136475,880.53533936
670.96136475,880.53533936
679.85052490,559.61181641
681.86749268,499.20828247
680.80212402,550.63262939
682.98797607,474.23825073
657.97613525,1429.82922363
683.76477051,466.70352173
652.51043701,1639.45922852
674.52258301,824.82250977
682.92443848,511.76333618
666.32202148,1139.90014648
665.31750488,1197.41931152
654.26379395,1615.06347656
689.74133301,287.64718628
667.54461670,1127.43969727
660.24475098,1407.34094238
685.11346436,509.08920288
668.36120605,1145.16955566
670.23199463,1076.15209961
679.64990234,733.34930420
687.34478760,468.61669922
650.96759033,1849.09619141
688.56170654,430.82861328
652.80755615,1792.76025391
654.28234863,1738.83227539
678.71209717,819.86572266
678.71209717,819.86572266
677.14727783,884.36517334
677.14727783,884.36517334
686.43475342,534.89550781
663.64758301,1399.11364746
681.87658691,728.09527588
663.88928223,1412.83142090
665.09631348,1369.02978516
680.22973633,796.96472168
673.50415039,1054.46533203
693.96679688,288.30722046
673.37976074,1070.82727051
691.47985840,404.59008789
664.17932129,1444.32141113
664.17932129,1444.32141113
663.89709473,1456.41333008
663.89709473,1456.41333008
692.43688965,376.66134644
663.35119629,1489.74523926
680.69097900,831.53961182
673.11651611,1120.68261719
658.79852295,1674.29541016
656.05242920,1781.82519531
688.08489990,565.19207764
658.86682129,1677.94714355
658.86682129,1677.94714355
692.74536133,391.29797363
663.59130859,1502.39196777
689.31970215,523.90313721
673.16290283,1140.23059082
691.24755859,457.09069824
696.33172607,277.54565430
680.35333252,887.61474609
663.05456543,1550.26794434
693.12731934,406.36495972
674.91217041,1100.48815918
663.56420898,1537.95483398
675.76885986,1095.65454102
662.92242432,1596.96862793
683.78338623,816.22290039
683.78338623,816.22290039
697.77117920,285.50378418
674.74365234,1184.97631836
682.93225098,877.87854004
669.24121094,1406.49902344
677.02062988,1121.76660156
662.17181396,1694.69555664
677.38793945,1114.70581055
684.89868164,830.69281006
692.88446045,534.26953125
677.11865234,1140.48144531
661.70288086,1739.20959473
694.92712402,464.24316406
678.89288330,1080.90197754
678.87829590,1081.52526855
693.54858398,525.01696777
677.11639404,1158.68981934
678.46075439,1108.67126465
678.05950928,1132.57263184
660.59301758,1809.00878906
660.59301758,1809.00878906
679.73437500,1073.22106934
659.57110596,1852.43066406
662.70202637,1732.26025391
661.23999023,1791.36401367
684.06280518,929.77001953
661.56634521,1799.87402344
701.53417969,266.12475586
668.58648682,1544.43469238
697.47467041,440.30557251
701.78045654,293.23065186
680.03466797,1146.20458984
673.32092285,1406.68041992
687.75042725,851.61425781
702.66149902,281.77236938
702.66149902,281.77236938
697.45568848,527.62860107
680.52423096,1191.99975586
684.07885742,1064.04040527
688.09765625,910.81085205
666.29107666,1786.25781250
684.20257568,1107.55383301
691.44787598,846.26641846
691.17126465,865.10241699
684.21539307,1157.74633789
707.27215576,258.04647827
697.20019531,660.79248047
704.42730713,400.98312378
702.04614258,514.37158203
708.26959229,272.39355469
698.77862549,654.01879883
688.26116943,1067.76013184
688.26116943,1067.76013184
671.25012207,1742.90026855
669.85974121,1798.46386719
704.05718994,457.15457153
704.05718994,457.15457153
668.58782959,1856.82202148
699.57800293,645.06756592
694.39654541,851.79748535
694.39654541,851.79748535
695.71563721,805.04553223
695.71563721,805.04553223
700.70343018,611.93682861
688.97064209,1075.47155762
678.37164307,1502.53393555
707.01885986,392.69824219
702.71899414,570.23468018
690.74731445,1060.05664062
680.93115234,1452.44885254
679.76660156,1498.66113281
679.76660156,1498.66113281
706.16552734,460.90396118
699.82550049,713.53143311
687.67517090,1195.13854980
695.91510010,882.80548096
713.13830566,217.20356750
691.73510742,1067.41552734
711.49957275,285.62976074
679.82623291,1545.97448730
703.87677002,609.19842529
679.21826172,1593.15100098
679.21826172,1593.15100098
689.77502441,1190.50695801
704.30267334,622.59020996
714.23614502,234.30895996
704.32629395,637.35467529
700.82440186,793.43933105
699.53643799,849.41918945
699.83831787,855.82061768
699.83831787,855.82061768
715.90069580,253.53610229
684.69720459,1510.52758789
684.69451904,1519.42004395
710.29339600,510.12554932
717.22094727,238.46757507
712.02026367,453.31735229
683.91040039,1586.73437500
683.91040039,1586.73437500
698.71124268,996.12036133
711.25390625,495.67123413
703.75622559,796.87158203
699.35620117,973.85015869
688.82666016,1406.57800293
699.03930664,1005.78717041
679.71905518,1782.79931641
679.03228760,1815.95983887
679.03228760,1815.95983887
697.82318115,1061.95507812
678.49902344,1849.00402832
678.49902344,1849.00402832
694.92822266,1193.41406250
688.14788818,1468.14318848
678.16870117,1871.29052734
678.54650879,1860.16015625
698.96899414,1039.58752441
709.23175049,637.86059570
707.88800049,712.83093262
699.71325684,1055.12426758
697.10333252,1185.59436035
697.10052490,1185.84912109
701.72003174,1003.49761963
721.34344482,219.84136963
721.34344482,219.84136963
705.32562256,867.51641846
689.86450195,1510.88903809
715.04644775,495.10327148
707.88391113,786.65344238
702.83923340,993.32592773
685.69897461,1700.84680176
685.69897461,1700.84680176
724.88970947,134.79258728
712.84155273,626.33654785
711.37695312,697.19476318
708.20904541,856.76757812
687.95422363,1683.35778809
687.95422363,1683.35778809
713.86914062,640.12744141
714.16308594,639.10980225
708.64031982,871.76220703
704.23199463,1060.69360352
693.65393066,1499.61706543
689.19665527,1699.08544922
719.14453125,491.51083374
687.16680908,1803.65917969
719.65313721,478.30090332
711.19555664,877.45568848
711.89373779,856.96099854
706.84417725,1065.40869141
724.12213135,359.89120483
690.30114746,1748.34985352
713.15496826,820.99145508
710.11541748,997.71246338
722.85308838,478.41802979
713.46630859,868.27728271
715.03936768,810.28417969
694.18328857,1700.58593750
693.61334229,1790.51965332
716.51171875,841.03436279
725.12469482,491.97573853
723.14636230,585.65191650
717.77984619,817.73742676
717.76202393,851.61212158
717.76202393,851.61212158
717.27661133,877.77972412
717.62060547,872.36920166
723.46478271,634.28228760
705.85748291,1370.95727539
718.85644531,829.20416260
718.85644531,829.20416260
702.45568848,1517.29931641
719.50244141,846.65637207
698.67773438,1727.11621094
714.89758301,1062.23193359
714.89758301,1062.23193359
729.52490234,450.47961426
721.27282715,804.87750244
719.90710449,863.04895020
695.72027588,1886.77099609
721.22155762,820.78942871
720.90234375,836.23931885
705.23315430,1498.09472656
699.56628418,1762.20288086
699.56628418,1762.20288086
699.00695801,1802.54016113
698.02618408,1856.95544434
698.02618408,1856.95544434
723.03875732,810.76934814
697.69976807,1879.58972168
697.69976807,1879.58972168
718.93365479,991.55364990
722.29510498,852.34478760
722.29510498,852.34478760
703.70233154,1641.52636719
719.56762695,984.15277100
719.11199951,1005.88891602
730.32727051,546.51910400
719.05529785,1036.96936035
721.65106201,960.23547363
728.48217773,717.63934326
722.13793945,989.50592041
726.70678711,807.31268311
726.70678711,807.31268311
722.85577393,977.58306885
731.59570312,611.37530518
727.61425781,782.64575195
727.61425781,782.64575195
710.64819336,1506.83032227
723.67358398,965.36956787
722.80493164,1023.08959961
728.51367188,781.33612061
724.79016113,958.00494385
728.15240479,817.43884277
732.90777588,624.27288818
728.63708496,813.75323486
728.63708496,813.75323486
724.37652588,1002.25085449
728.53698730,862.92517090
733.60113525,647.05865479
733.45709229,676.57922363
726.88281250,980.35443115
711.96282959,1644.57666016
709.92687988,1741.03710938
709.92687988,1741.03710938
737.42572021,566.48028564
726.12286377,1063.95947266
732.92974854,777.58258057
707.72283936,1872.39965820
707.72283936,1872.39965820
733.26245117,794.14398193
746.27478027,245.36862183
732.80999756,851.76550293
741.89611816,462.97753906
738.53015137,627.55914307
716.50280762,1583.79626465
738.27990723,646.63458252
718.65350342,1504.42028809
731.66571045,942.95489502
740.42932129,563.32458496
740.31628418,568.88909912
734.53100586,825.66070557
733.97937012,858.96380615
731.19573975,982.28881836
734.10308838,864.39807129
719.33312988,1510.14526367
729.83148193,1064.59130859
726.57629395,1232.18212891
736.61303711,798.35717773
741.23522949,599.31634521
731.05133057,1053.55651855
736.50421143,834.99768066
736.14727783,850.70251465
737.13354492,814.34875488
721.59326172,1500.08178711
742.24468994,615.51928711
743.52081299,559.80383301
741.05529785,678.63275146
738.33062744,804.99627686
753.17846680,166.23606873
745.07617188,534.53131104
734.96887207,982.47698975
736.34619141,924.00579834
742.95678711,646.61846924
742.50427246,668.64257812
744.00903320,602.61645508
738.83941650,846.46520996
750.79150391,326.77145386
739.25964355,837.88903809
739.13397217,854.16406250
748.38842773,454.58496094
718.73791504,1766.71154785
718.73791504,1766.71154785
737.07958984,961.86413574
743.13824463,697.61279297
716.32824707,1895.97875977
741.14349365,803.59600830
720.17633057,1731.89697266
735.23516846,1069.98901367
740.53283691,842.19860840
759.67376709,22.47943497
742.85723877,776.21398926
746.56048584,614.88421631
717.95379639,1887.87194824
746.01989746,648.26861572
746.28350830,636.91644287
746.28350830,636.91644287
760.74414062,-2.57282758
738.60705566,1017.13323975
724.61273193,1644.21447754
742.26794434,866.40087891
738.71801758,1028.24792480
738.83007812,1028.33215332
743.85357666,807.89196777
738.76416016,1043.89099121
748.06048584,641.18310547
747.23931885,699.63702393
747.68627930,692.84747314
739.79382324,1053.30688477
747.63745117,714.64892578
730.28698730,1513.64538574
763.39025879,32.82962036
746.84539795,783.46630859
727.93389893,1758.48156738
733.74279785,1499.44409180
751.91424561,693.37139893
730.57568359,1709.82214355
767.68811035,33.60343933
767.85742188,47.68492508
754.39300537,685.67102051
755.76770020,698.66101074
759.52008057,578.45593262
756.31494141,731.26849365
761.33709717,538.20764160
760.57348633,593.73815918
763.37005615,513.08416748
761.72595215,626.19293213
761.88488770,625.83068848
775.82293701,4.56613874
755.45007324,998.22460938
760.38446045,770.37060547
760.38446045,770.37060547
768.64013672,396.69894409
764.73437500,592.90264893
756.07684326,997.19146729
764.97009277,616.04992676
764.97009277,616.04992676
757.54290771,984.25012207
770.71594238,380.49612427
769.95947266,421.77774048
770.75921631,387.09463501
770.52435303,401.16085815
776.78997803,111.27402496
758.53326416,975.18804932
758.53326416,975.18804932
758.71173096,969.11517334
759.03637695,986.77984619
771.16613770,424.68615723
765.13848877,772.83264160
765.13848877,772.83264160
767.86334229,650.16003418
761.66387939,959.52673340
782.86193848,1.15772426
761.86920166,1001.13366699
768.99920654,683.98547363
767.45123291,778.81884766
763.13232422,986.40020752
762.64465332,1011.44232178
763.44750977,978.46850586
763.14068604,997.37078857
764.09741211,954.21228027
762.86846924,1020.16351318
773.90277100,498.72616577
762.28948975,1061.64160156
762.43188477,1066.16699219
770.78228760,668.91680908
763.52154541,1029.74096680
774.26654053,522.39587402
774.98675537,510.58248901
764.63970947,1006.47467041
772.92523193,633.67462158
771.48767090,749.45086670
785.26440430,99.42228699
767.99835205,964.69677734
775.70196533,610.84246826
768.61248779,972.19372559
768.04943848,1031.12597656
789.59069824,1.91344738
770.05468750,950.39074707
770.03881836,1001.41339111
770.03881836,1001.41339111
770.17285156,1025.28576660
757.37127686,1652.53234863
771.71630859,958.85571289
768.64611816,1113.77685547
768.41925049,1133.93945312
768.53460693,1128.55212402
771.99822998,969.18212891
757.88348389,1658.37951660
756.52343750,1757.19543457
790.46569824,102.53729248
769.91613770,1126.12414551
771.62396240,1057.70117188
773.47076416,982.29083252
772.95098877,1012.46063232
771.92620850,1065.13964844
773.33703613,1006.45092773
774.31719971,982.06256104
795.01055908,0.93171871
775.03698730,994.59008789
772.97375488,1102.46215820
772.55999756,1123.50878906
775.10241699,1015.73864746
793.68914795,123.55667877
773.45129395,1129.35278320
774.96295166,1060.31823730
762.46643066,1766.43847656
762.46643066,1766.43847656
777.71264648,1010.96997070
778.40667725,1062.25744629
779.85650635,1005.87121582
779.97119141,1009.26556396
778.80328369,1100.29724121
767.13476562,1759.43530273
779.73980713,1138.22497559
779.78802490,1138.78405762
803.00238037,1.70684028
781.73925781,1079.29138184
781.24176025,1110.49133301
782.34234619,1135.76171875
782.65313721,1148.35229492
803.49896240,91.86544037
802.88293457,146.83586121
774.67279053,1769.22717285
774.67279053,1769.22717285
786.64654541,1170.97790527
809.54650879,77.12843323
810.07061768,55.85800171
808.69580078,136.64224243
789.30322266,1165.86010742
789.30322266,1165.86010742
811.94818115,1.92081094
786.24505615,1383.41772461
786.39562988,1396.23645020
780.57293701,1763.61730957
787.03131104,1494.58325195
813.79943848,97.61679840
813.42767334,136.57080078
788.18566895,1506.82641602
799.29974365,928.65686035
807.31213379,506.13870239
811.55798340,325.03897095
808.12963867,521.56854248
807.98809814,537.57635498
783.78503418,1840.70495605
799.77441406,1028.27038574
813.47430420,314.88278198
785.05920410,1830.09191895
819.44866943,1.11584187
818.72436523,44.30018616
786.92749023,1762.68237305
813.65948486,337.40069580
786.55236816,1786.44409180
786.13385010,1817.31311035
786.13385010,1817.31311035
819.94592285,16.26758575
787.36145020,1770.39160156
810.77154541,541.74206543
815.56994629,293.53793335
814.95587158,327.09240723
793.07757568,1502.77661133
788.05493164,1772.79626465
811.94396973,493.48022461
790.31353760,1656.19165039
812.94018555,451.42733765
801.27716064,1132.56176758
817.29388428,281.19845581
817.29388428,281.19845581
813.24298096,524.16461182
800.70581055,1202.43383789
820.25152588,150.00680542
820.25152588,150.00680542
819.33612061,207.08229065
815.42987061,434.03219604
823.49438477,2.69003344
807.36450195,886.96466064
823.57611084,12.30172062
816.07806396,425.48730469
818.31671143,314.37008667
818.31671143,314.37008667
818.73931885,292.65121460
820.03912354,226.03498840
820.03912354,226.03498840
802.71929932,1166.21398926
798.63244629,1389.90344238
819.13409424,286.77786255
819.13409424,286.77786255
816.16693115,455.98339844
790.66387939,1843.68164062
823.71582031,49.91997147
798.93060303,1399.91345215
815.61633301,494.54470825
808.22113037,906.39367676
815.37597656,528.91644287
804.69934082,1151.83471680
805.61932373,1132.56018066
817.77136230,470.30746460
818.36077881,439.04464722
806.94055176,1064.88305664
820.36090088,333.70114136
801.83886719,1350.54272461
811.46228027,841.70812988
808.03234863,1053.85217285
806.44110107,1148.84814453
807.97509766,1073.07922363
812.53808594,868.64892578
820.60223389,425.88235474
820.60223389,425.88235474
827.04486084,82.70123291
824.50555420,226.30313110
808.11492920,1135.74890137
828.13867188,35.15920258
824.52880859,234.08348083
812.89556885,877.84881592
800.66796875,1562.29577637
801.99523926,1500.65783691
807.51879883,1203.70935059
820.59936523,492.58020020
823.80786133,330.00955200
824.72546387,283.41482544
821.68969727,456.69573975
821.68969727,456.69573975
797.96441650,1775.35339355
799.81964111,1676.83972168
829.14459229,59.67693329
809.07421875,1174.65270996
815.78344727,807.82879639
824.71191406,313.30749512
815.82623291,818.33752441
815.83245850,827.14520264
800.14208984,1703.14440918
815.81646729,845.20587158
816.28594971,849.21563721
808.57635498,1280.03625488
825.27954102,359.68466187
816.87750244,837.17602539
814.85815430,956.79754639
822.67462158,538.04498291
822.67462158,538.04498291
802.64056396,1659.52209473
805.64825439,1493.33300781
805.64825439,1493.33300781
825.13061523,414.04244995
823.74322510,495.22299194
823.74322510,495.22299194
816.98370361,873.09521484
808.12780762,1372.44714355
832.84466553,-4.80921936
832.48236084,21.19182396
808.25463867,1386.54760742
817.86669922,853.87860107
819.14733887,789.27380371
831.86462402,79.14261627
806.86602783,1487.74169922
825.73974609,477.92541504
814.10461426,1142.02368164
814.10461426,1142.02368164
814.49316406,1121.22155762
821.05096436,759.58850098
821.05096436,759.58850098
820.47412109,794.91101074
831.72308350,162.29402161
819.70733643,843.17993164
819.70733643,843.17993164
827.34997559,418.94403076
827.34997559,418.94403076
809.50067139,1425.99475098
833.93402100,52.61127472
827.50378418,433.37588501
812.59643555,1278.16003418
825.94799805,525.50659180
825.94799805,525.50659180
812.05792236,1312.31018066
833.36871338,118.82807922
804.17456055,1769.55517578
810.10040283,1440.15832520
816.39953613,1095.52233887
822.55438232,748.13238525
821.46472168,813.69622803
821.46472168,813.69622803
835.96759033,3.72109675
828.03210449,457.98724365
828.03210449,457.98724365
813.91717529,1275.12048340
828.69177246,440.54006958
828.39105225,466.26477051
830.87121582,328.34252930
830.87121582,328.34252930
816.67895508,1133.66174316
834.53619385,124.04660034
830.44116211,360.42687988
813.38513184,1329.11779785
836.35565186,27.88323402
836.35565186,27.88323402
834.66876221,130.22535706
828.39099121,493.74804688
810.87463379,1493.81054688
810.87463379,1493.81054688
818.43627930,1067.33679199
822.77008057,821.68609619
822.77008057,821.68609619
829.36981201,447.22491455
811.24768066,1480.47839355
831.15783691,352.77493286
831.15783691,352.77493286
836.61633301,47.84791565
836.61633301,47.84791565
834.65783691,164.65184021
811.02978516,1508.55554199
803.67749023,1927.89758301
831.96545410,318.98837280
822.71551514,851.91363525
822.71551514,851.91363525
823.20239258,831.06738281
836.49560547,85.28696442
824.32128906,780.58990479
824.32128906,780.58990479
824.71221924,767.04840088
825.29949951,754.21112061
807.91845703,1753.87597656
817.93859863,1205.03442383
825.70300293,763.51019287
831.85162354,420.94436646
833.37500000,347.54421997
833.37500000,347.54421997
831.21594238,482.63552856
834.70367432,293.04644775
834.70367432,293.04644775
838.09729004,118.65810394
809.38513184,1778.11791992
826.62304688,830.28216553
839.89770508,75.98241425
835.72772217,321.79953003
812.42987061,1667.75512695
814.93609619,1529.18493652
814.93609619,1529.18493652
833.66833496,467.34048462
810.77392578,1794.34118652
810.77392578,1794.34118652
815.18255615,1543.92810059
830.84826660,639.07574463
830.84826660,639.07574463
823.46990967,1069.61328125
835.88647461,354.16430664
835.88647461,354.16430664
832.91284180,526.35070801
815.36175537,1555.01269531
830.96166992,659.96557617
834.74420166,448.92126465
834.74420166,448.92126465
820.80749512,1264.67675781
841.15350342,88.10689545
835.47070312,424.44317627
839.24328613,206.03274536
823.10516357,1164.23681641
829.23437500,827.07971191
829.23437500,827.07971191
837.61572266,344.10150146
837.61572266,344.10150146
811.60736084,1863.34545898
836.62030029,408.35626221
835.67736816,472.82733154
833.40325928,629.87603760
832.33294678,693.29327393
829.42169189,866.16778564
835.69366455,507.26342773
835.69366455,507.26342773
840.26806641,247.43330383
836.35791016,482.42141724
822.18902588,1310.96008301
824.59185791,1174.82006836
830.67449951,822.15075684
823.02124023,1269.49255371
812.22491455,1900.94030762
812.22491455,1900.94030762
838.92333984,342.62551880
832.29833984,739.31732178
831.82464600,777.30450439
844.69696045,27.42791939
830.82702637,844.15423584
824.96948242,1188.46154785
840.41076660,308.80239868
821.79541016,1404.87133789
835.29852295,618.59350586
834.69281006,663.47296143
832.60424805,786.41473389
820.82080078,1481.03991699
837.87268066,488.15325928
833.09698486,794.99340820
839.44506836,427.41268921
835.42639160,669.82128906
845.77514648,61.12292480
835.16406250,691.90423584
833.84539795,772.88012695
835.99658203,653.12677002
825.78393555,1258.56738281
837.82055664,564.08605957
835.36114502,718.52471924
842.19787598,331.07211304
842.29632568,340.20306396
842.29632568,340.20306396
829.10076904,1138.60314941
817.68432617,1821.35571289
826.34466553,1313.82165527
840.89410400,459.11416626
823.16070557,1515.40734863
830.78869629,1070.30236816
834.45977783,852.60131836
844.78039551,243.02410889
824.40252686,1459.27050781
828.89739990,1203.28723145
829.43048096,1174.41528320
831.46679688,1058.94177246
831.15930176,1083.84008789
841.51562500,475.02337646
841.51562500,475.02337646
845.84136963,224.75584412
841.46118164,491.74835205
836.02783203,821.77587891
829.56890869,1207.94555664
830.34729004,1168.83605957
830.34729004,1168.83605957
845.77185059,255.27980042
832.09393311,1089.20190430
844.90527344,325.39196777
837.79284668,753.03216553
837.60339355,773.70452881
845.66790771,314.87854004
833.35314941,1074.34082031
838.24090576,790.64691162
838.14862061,800.51763916
842.91497803,516.07489014
847.44458008,260.87374878
847.44458008,260.87374878
838.39178467,805.94433594
849.60736084,134.25404358
851.60870361,16.75044823
837.24029541,880.01794434
842.85784912,550.64721680
842.98675537,543.63360596
845.41534424,408.20437622
840.94708252,685.06365967
844.65808105,462.01278687
841.23254395,674.41229248
842.25634766,617.29272461
851.93743896,39.93346405
839.44720459,812.27081299
842.11535645,656.20343018
831.27081299,1315.95275879
831.27081299,1315.95275879
844.42480469,522.81280518
843.86706543,557.20794678
850.02783203,189.00375366
841.16162109,727.53985596
844.91595459,503.62954712
833.88378906,1181.31909180
838.75415039,888.76422119
838.75415039,888.76422119
824.35723877,1769.54418945
824.35723877,1769.54418945
850.13586426,211.27568054
832.31951904,1297.02600098
849.09997559,302.79974365
849.05126953,321.53933716
850.05566406,286.01571655
851.94842529,175.26196289
840.86267090,848.73406982
841.13775635,837.12481689
843.17114258,717.33905029
851.80712891,202.55061340
833.31622314,1328.29797363
850.98681641,254.62544250
852.04309082,195.26211548
839.18463135,982.44610596
844.47100830,665.54846191
839.56182861,965.06848145
855.56347656,1.53647864
852.65893555,180.16192627
855.63928223,1.69907975
847.95001221,476.02941895
847.69494629,493.05197144
853.72332764,134.37570190
849.51232910,408.43234253
842.70855713,826.24456787
842.05688477,868.05828857
852.04364014,262.62734985
843.66693115,776.03387451
831.82958984,1536.85058594
844.83282471,746.42419434
839.64288330,1077.45373535
848.99078369,508.29183960
849.12530518,500.21282959
848.56909180,543.18273926
852.47644043,310.07498169
852.47644043,310.07498169
847.00469971,658.68872070
844.23815918,833.82171631
846.05877686,727.45513916
850.47106934,457.52078247
841.89764404,994.49206543
841.89764404,994.49206543
855.31585693,173.26800537
841.99438477,1002.49822998
858.15722656,7.71139336
839.63720703,1155.09326172
846.09381104,764.77172852
849.50183105,560.00097656
852.86883545,354.02838135
831.76452637,1655.37341309
853.00262451,346.88574219
847.60351562,689.90411377
848.10644531,670.09014893
848.10644531,670.09014893
842.95739746,991.85467529
845.14007568,874.55084229
837.17974854,1368.48681641
845.54992676,853.49407959
854.05987549,330.90368652
844.12915039,951.00476074
844.64019775,926.84332275
845.08740234,916.48052979
845.08740234,916.48052979
840.86114502,1182.58728027
843.62005615,1022.79071045
843.62005615,1022.79071045
841.29779053,1182.04882812
855.24737549,321.72824097
857.43939209,186.82192993
848.86932373,736.80920410
858.44525146,143.88038635
849.01672363,734.40533447
847.92901611,811.79217529
856.98583984,264.06228638
845.83734131,979.05480957
845.83734131,979.05480957
846.68719482,944.20025635
852.47686768,582.80444336
850.43481445,713.56610107
854.19342041,486.02108765
846.55322266,989.83331299
860.80847168,99.06880951
850.55358887,742.09326172
851.17456055,722.95111084
851.17456055,722.95111084
849.29949951,840.53906250
844.01336670,1188.78710938
860.55505371,154.18910217
855.08239746,519.52154541
859.90228271,220.20210266
846.89996338,1040.76818848
846.89996338,1040.76818848
856.89331055,424.55404663
845.32861328,1158.77478027
845.32861328,1158.77478027
845.32861328,1158.77478027
863.82629395,3.39772153
849.74188232,892.09100342
845.28173828,1182.72460938
847.70800781,1031.26525879
856.30316162,501.52777100
839.81610107,1548.99755859
848.43139648,1008.91455078
852.33709717,768.13220215
857.38311768,456.76870728
854.07073975,674.20666504
858.44421387,398.49993896
852.65734863,777.95318604
850.46289062,918.93621826
851.65924072,844.85186768
858.43896484,430.51809692
857.28814697,528.03875732
839.54785156,1657.71728516
837.32934570,1800.57751465
837.32934570,1800.57751465
849.88891602,1004.32019043
859.42730713,412.44140625
837.91784668,1785.25158691
857.57379150,550.43762207
857.49914551,586.34246826
850.61743164,1025.35815430
863.95434570,178.57627869
851.12371826,997.76995850
851.84661865,953.51324463
864.95867920,117.85462189
852.76458740,899.72998047
854.32336426,827.54748535
842.17395020,1607.86218262
852.60351562,944.05328369
866.20678711,82.61061859
843.57849121,1536.65576172
850.54705811,1095.23608398
852.22161865,990.85504150
863.08581543,295.91165161
859.41375732,538.58911133
865.78106689,131.25299072
862.65905762,346.86364746
852.28332520,1018.13751221
852.28332520,1018.13751221
856.68438721,737.26739502
855.65216064,805.40997314
865.01513672,205.95451355
839.13824463,1873.53918457
853.29351807,985.76898193
857.53448486,716.64648438
864.52587891,300.96093750
864.52587891,300.96093750
859.28759766,638.64337158
851.45617676,1162.55932617
851.45617676,1162.55932617
863.32269287,398.50207520
855.67254639,896.67486572
857.51538086,787.38879395
857.51538086,787.38879395
859.05554199,707.37420654
859.05554199,707.37420654
854.36199951,1011.84826660
854.36199951,1011.84826660
857.03240967,845.60589600
859.09680176,725.84893799
859.09680176,725.84893799
865.51885986,316.42510986
853.20794678,1115.75170898
854.07153320,1060.21130371
852.96240234,1138.95593262
854.65191650,1037.11547852
857.05212402,888.31036377
861.73907471,591.15551758
858.55816650,798.80267334
858.55816650,798.80267334
843.43713379,1780.83203125
855.55059814,1005.55352783
862.77252197,546.55859375
862.77252197,546.55859375
859.78643799,743.90759277
859.78643799,743.90759277
864.61529541,439.66543579
864.61529541,439.66543579
865.08666992,414.41720581
856.27587891,999.52435303
870.33544922,100.62712097
858.04913330,909.87713623
863.69677734,551.71545410
863.69677734,551.71545410
860.57354736,762.13031006
867.78656006,296.32232666
861.13751221,733.03692627
860.37011719,792.87377930
866.55261230,402.65853882
865.89117432,447.89251709
867.71032715,329.17062378
855.19866943,1156.08166504
862.29864502,714.33471680
870.25683594,210.01626587
867.24810791,425.91574097
871.92797852,122.10150909
858.94439697,981.56292725
861.89147949,788.85272217
848.59497070,1664.09020996
861.74462891,811.71112061
870.65203857,228.99667358
859.54296875,971.47222900
867.13854980,472.09268188
867.13854980,472.09268188
867.07330322,497.53982544
866.10571289,578.21850586
866.10571289,578.21850586
872.90661621,131.10214233
868.93341064,405.31103516
866.90216064,543.31921387
865.52441406,663.12908936
865.52441406,663.12908936
869.23992920,417.50430298
871.30908203,283.89062500
865.70666504,672.88360596
862.70275879,880.30975342
863.53393555,827.13482666
874.42840576,106.48620605
864.01489258,800.27502441
870.00396729,409.01776123
872.55889893,242.59455872
868.53826904,513.26220703
868.53826904,513.26220703
860.99371338,1013.85998535
865.41802979,729.40423584
865.41802979,729.40423584
865.41802979,729.40423584
873.31890869,217.17779541
859.59759521,1145.41320801
865.34552002,789.15319824
850.40643311,1789.96154785
864.77020264,839.45800781
860.63562012,1120.92785645
861.98919678,1034.05651855
869.02105713,566.75836182
861.79052734,1090.20446777
868.20562744,669.11169434
862.94384766,1029.78588867
861.50903320,1126.10766602
861.50903320,1126.10766602
867.22979736,747.02856445
870.23907471,548.18957520
864.98358154,904.06097412
858.91394043,1311.13806152
869.05816650,649.06542969
863.25244141,1043.87011719
866.15930176,859.62902832
863.84863281,1054.83898926
876.37384033,227.60188293
871.13238525,581.79101562
870.31060791,639.77435303
873.75378418,412.42913818
871.11077881,600.39886475
871.11077881,600.39886475
877.11395264,210.04544067
868.76391602,785.13787842
868.76391602,785.13787842
869.75109863,718.90966797
873.77307129,461.11825562
871.05523682,654.94519043
871.05523682,654.94519043
876.04388428,319.65115356
866.39233398,974.61901855
866.39233398,974.61901855
866.39233398,974.61901855
866.73687744,966.94689941
870.24871826,735.97155762
869.21911621,807.37353516
869.21911621,807.37353516
869.21911621,807.37353516
875.17248535,418.56857300
874.50878906,482.45861816
872.31750488,635.38427734
865.46856689,1121.94824219
873.78192139,587.98388672
867.52301025,1019.55700684
867.52301025,1019.55700684
856.51043701,1782.82421875
868.17248535,989.02697754
868.17248535,989.02697754
868.17248535,989.02697754
868.18499756,989.85687256
868.18499756,989.85687256
874.80627441,550.87579346
871.58148193,782.10113525
870.03521729,889.04949951
870.03521729,889.04949951
882.30596924,58.11700058
882.30596924,58.11700058
883.12792969,5.55019426
880.85003662,206.95492554
876.61071777,505.00186157
873.17376709,741.70544434
878.61328125,388.62524414
873.03527832,773.63024902
878.95507812,381.26205444
878.36102295,423.72961426
875.25848389,647.28479004
865.48834229,1320.07885742
875.42163086,654.08874512
870.21917725,1035.90515137
878.59704590,458.93472290
875.04925537,712.07684326
870.76403809,1008.56103516
869.14813232,1132.50695801
873.57366943,827.72467041
879.58453369,414.28292847
865.83941650,1368.77734375
880.14477539,430.44024658
875.39617920,760.17871094
872.31988525,974.93035889
875.24096680,779.24377441
875.57794189,759.78491211
883.35058594,222.96827698
871.77313232,1029.03271484
878.90576172,547.07061768
878.90576172,547.07061768
878.24725342,601.65313721
873.30334473,945.62731934
873.30334473,945.62731934
882.72155762,303.28518677
883.46734619,259.15869141
883.83148193,234.28237915
877.37768555,698.17944336
873.73657227,951.96807861
873.73657227,951.96807861
873.73657227,951.96807861
874.77026367,886.04345703
870.70794678,1169.79968262
870.70794678,1169.79968262
879.86181641,536.80981445
883.45892334,316.60815430
883.45892334,316.60815430
883.45892334,316.60815430
874.18762207,966.18316650
874.18762207,966.18316650
873.36730957,1050.03454590
873.36730957,1050.03454590
873.36730957,1050.03454590
868.89392090,1365.86291504
880.24908447,581.50805664
882.13800049,451.17712402
882.13800049,451.17712402
874.24298096,1006.31018066
886.26092529,169.65835571
887.91461182,70.64351654
874.74700928,995.14367676
879.06311035,711.26617432
881.07769775,571.94598389
877.43127441,830.35821533
864.30401611,1791.41064453
883.69360352,443.93579102
883.69360352,443.93579102
876.56652832,961.28051758
878.66058350,819.45410156
888.65612793,120.59564972
878.95605469,809.05340576
885.26336670,379.86425781
884.70953369,425.09140015
878.21954346,885.00555420
888.18096924,188.90487671
879.36151123,814.82537842
879.36151123,814.82537842
865.44787598,1808.98291016
865.44787598,1808.98291016
880.22064209,766.94091797
880.22064209,766.94091797
878.87988281,871.87731934
875.62237549,1117.54797363
878.74530029,902.70648193
878.74530029,902.70648193
877.41839600,1005.39074707
877.41839600,1005.39074707
879.88250732,839.88183594
879.88250732,839.88183594
876.78869629,1090.54138184
876.78869629,1090.54138184
866.03485107,1857.32763672
866.34393311,1841.84582520
889.12603760,219.72172546
881.95825195,735.00946045
881.95825195,735.00946045
881.43060303,777.45703125
880.35974121,858.16180420
877.65301514,1060.05725098
890.04736328,195.77445984
886.52569580,450.49542236
887.36822510,405.63079834
885.25415039,560.63610840
887.10516357,445.51629639
885.79901123,540.28564453
877.34295654,1167.24267578
887.96655273,411.70758057
867.71197510,1884.93762207
867.71197510,1884.93762207
881.27008057,914.65417480
888.35504150,430.24203491
882.59478760,846.04364014
881.52142334,924.75158691
889.28863525,366.15026855
887.16827393,529.70788574
887.16827393,529.70788574
883.40698242,804.11657715
875.60369873,1366.89001465
875.60369873,1366.89001465
885.34765625,683.57086182
887.09002686,574.04809570
883.98834229,849.37890625
883.90399170,856.90826416
894.80633545,68.21880341
884.48138428,825.28967285
884.81829834,815.32904053
882.75067139,968.08795166
882.75067139,968.08795166
887.19036865,652.15576172
881.53057861,1072.90844727
890.37713623,435.83926392
890.08947754,464.71295166
882.73510742,1002.09393311
894.64624023,148.58146667
889.76025391,506.85183716
889.76025391,506.85183716
890.60925293,445.63394165
885.86297607,793.82232666
893.79290771,221.11267090
887.25598145,711.12438965
887.25598145,711.12438965
891.77520752,384.08963013
887.00939941,751.11517334
887.00939941,751.11517334
889.18927002,592.76623535
886.33087158,807.92950439
883.10180664,1045.89099121
890.04559326,545.21618652
892.40924072,373.84707642
892.40924072,373.84707642
884.81835938,934.73303223
897.24511719,31.09269333
882.76141357,1091.03894043
886.00579834,855.51239014
891.16131592,491.13934326
884.88995361,950.79736328
886.37530518,844.38635254
892.54467773,398.01306152
889.55621338,621.53930664
883.92767334,1035.12548828
889.57952881,631.30487061
884.46575928,1011.49487305
897.97735596,30.61783600
885.86785889,920.55187988
888.53179932,739.11004639
888.33111572,759.86004639
891.37133789,536.85308838
887.32458496,834.41247559
893.16912842,407.22937012
887.62921143,819.08081055
892.44525146,466.50598145
876.20214844,1662.04321289
886.67919922,900.97692871
886.67919922,900.97692871
883.76324463,1139.01660156
894.22204590,389.09136963
885.67315674,1020.46984863
895.98254395,293.38095093
893.05541992,523.53302002
891.17242432,668.59558105
891.17242432,668.59558105
894.56225586,430.66784668
889.72619629,801.00555420
875.49133301,1860.20654297
899.42004395,117.29640961
895.07855225,459.38180542
894.50579834,502.74038696
901.24255371,7.02841949
890.96148682,779.26257324
892.13085938,710.77685547
876.88732910,1848.40490723
896.96759033,361.36172485
897.64404297,323.93759155
897.64404297,323.93759155
892.67938232,698.99871826
892.67938232,698.99871826
887.45672607,1095.60021973
887.45672607,1095.60021973
888.36419678,1028.19982910
888.36419678,1028.19982910
887.46392822,1113.67578125
887.46392822,1113.67578125
900.41552734,146.95826721
900.41552734,146.95826721
888.38006592,1053.67834473
896.60827637,446.42489624
890.69836426,908.69189453
890.69836426,908.69189453
890.91284180,893.10559082
889.41766357,1005.07415771
889.41766357,1005.07415771
890.40667725,936.44769287
902.81451416,18.92100334
898.58825684,347.70843506
898.44091797,366.05554199
896.22418213,537.17218018
896.22418213,537.17218018
879.46289062,1796.80883789
892.40112305,840.88458252
890.90075684,963.68066406
888.83972168,1118.97668457
888.83972168,1118.97668457
896.81213379,519.85900879
880.83911133,1726.80090332
890.40393066,1012.13305664
894.04431152,745.12591553
890.12487793,1049.26647949
892.19012451,921.98052979
892.12475586,941.14154053
900.71520996,294.47625732
900.71520996,294.47625732
895.15051270,738.20611572
895.15051270,738.20611572
895.15051270,738.20611572
900.31341553,353.57476807
897.02734375,603.02349854
891.98449707,990.41992188
891.98449707,990.41992188
897.04400635,613.18157959
897.04400635,613.18157959
903.79663086,104.78701019
901.28588867,301.65051270
901.28588867,301.65051270
898.54852295,513.37622070
892.44171143,977.31280518
892.44171143,977.31280518
894.42767334,828.62420654
903.74804688,152.45957947
900.64501953,388.83319092
899.62744141,471.06732178
899.62744141,471.06732178
901.02246094,380.19512939
900.81439209,398.56066895
905.77282715,29.90888596
899.03076172,553.48254395
896.09484863,778.51269531
892.31219482,1077.43127441
893.16455078,1017.05456543
893.64270020,984.33770752
893.64270020,984.33770752
897.64520264,683.34252930
885.61004639,1604.48046875
885.61004639,1604.48046875
896.11230469,806.43975830
899.81317139,525.60095215
904.89599609,142.30163574
900.14532471,507.86666870
894.95013428,909.96118164
894.95013428,909.96118164
894.95013428,909.96118164
882.39984131,1869.79162598
892.17462158,1123.49804688
894.69726562,933.65374756
895.17529297,905.35754395
892.90356445,1094.34875488
899.93048096,559.18884277
893.20361328,1080.11865234
901.71423340,442.99591064
894.37988281,1008.00805664
901.68688965,449.87649536
895.17584229,949.90948486
895.17584229,949.90948486
894.44506836,1028.88159180
894.44506836,1028.88159180
899.27185059,661.73968506
897.67376709,797.51300049
895.11041260,999.82781982
899.21044922,691.34375000
898.98815918,711.63873291
905.53747559,210.09873962
905.53747559,210.09873962
893.62414551,1134.72143555
896.41833496,926.85675049
903.04992676,421.74319458
898.88891602,745.96966553
898.88891602,745.96966553
893.56451416,1163.59985352
895.70178223,1012.58721924
905.82745361,233.63041687
907.29608154,122.01538849
907.29608154,122.01538849
901.29296875,586.47644043
901.29296875,586.47644043
908.84118652,13.59823895
908.84118652,13.59823895
899.66400146,730.86926270
896.59741211,970.87792969
897.53436279,900.74237061
886.07446289,1790.42529297
904.76849365,350.72763062
902.97406006,513.77655029
895.60955811,1085.48999023
895.73730469,1076.34924316
895.73730469,1076.34924316
910.06768799,9.79148197
903.95599365,487.53906250
896.94610596,1051.42089844
907.52124023,244.44725037
888.88397217,1731.84582520
888.88397217,1731.84582520
906.74133301,341.27764893
904.69488525,502.82974243
904.69488525,502.82974243
894.47515869,1301.50903320
899.74969482,891.85986328
899.74969482,891.85986328
910.93078613,20.11448860
899.06982422,968.07525635
902.58148193,705.86853027
905.91308594,490.97509766
903.15502930,716.45452881
888.86187744,1861.05676270
898.92456055,1080.61950684
905.04370117,623.99438477
908.30755615,370.84118652
900.65368652,980.23376465
903.36187744,770.60028076
904.09686279,748.35467529
904.00335693,757.39160156
908.33471680,425.10336304
910.40051270,266.16351318
902.43548584,900.97485352
900.83044434,1031.41369629
902.28222656,956.29577637
910.02148438,344.39816284
908.20837402,495.08529663
907.91522217,530.15484619
906.21215820,695.46093750
906.21215820,695.46093750
906.21215820,695.46093750
908.65588379,508.09841919
909.29589844,462.97686768
905.33551025,778.39721680
905.33551025,778.39721680
906.74041748,683.75567627
903.05541992,984.95745850
903.71301270,933.91583252
908.00006104,592.56201172
902.43847656,1036.29663086
905.35888672,809.43481445
906.28039551,742.37756348
908.79711914,543.95141602
906.85864258,704.51470947
909.60314941,515.11199951
912.72814941,270.85937500
910.77026367,450.46762085
909.42932129,563.54650879
904.07739258,1001.34716797
910.63208008,477.11459351
914.82324219,142.20454407
913.39855957,260.74526978
911.50555420,413.01446533
905.23626709,921.54968262
912.41448975,348.72518921
904.36071777,1006.98059082
908.71209717,672.06628418
916.86938477,16.44554520
906.58569336,884.51556396
908.00097656,784.99841309
910.64532471,601.11120605
906.40826416,949.37316895
910.23046875,640.25726318
904.80706787,1081.74963379
904.80706787,1081.74963379
905.14801025,1056.83215332
914.17724609,326.22415161
913.93011475,358.16470337
909.90905762,695.55316162
906.48870850,977.06292725
905.84216309,1029.82092285
904.53430176,1164.60107422
916.59106445,191.88783264
911.76953125,629.82031250
911.14794922,684.50274658
911.14794922,684.50274658
913.82238770,481.20825195
911.74517822,651.32360840
907.60760498,994.23284912
912.36334229,619.61047363
908.86016846,914.68518066
906.22692871,1130.31762695
920.32513428,6.19238424
909.36804199,908.27685547
909.36804199,908.27685547
913.89410400,539.26672363
917.34405518,261.61148071
916.07598877,367.15570068
919.97674561,60.47732162
908.68713379,987.68951416
908.68713379,987.68951416
915.41491699,453.35183716
913.78082275,587.52154541
920.33416748,50.74926376
920.33416748,50.74926376
907.85833740,1075.59252930
906.89941406,1155.14916992
917.80059814,273.87533569
916.80566406,364.78686523
916.78308105,376.52243042
910.18786621,932.04852295
910.18786621,932.04852295
917.66601562,323.87988281
917.66601562,323.87988281
916.61907959,415.69104004
915.25122070,566.90612793
919.71826172,202.32817078
915.31188965,566.99163818
909.71154785,1042.41601562
911.01171875,946.15295410
909.94042969,1034.94824219
914.51898193,656.78790283
910.40069580,1002.60595703
916.38391113,510.84487915
913.29388428,780.05487061
917.17572021,461.27026367
919.44354248,279.78128052
918.13177490,391.73123169
920.63269043,185.26655579
912.94750977,827.10870361
914.67102051,687.45758057
907.36334229,1304.02453613
907.36334229,1304.02453613
910.92224121,1009.70928955
916.51348877,556.07208252
913.36151123,836.35540771
912.09796143,951.21423340
914.52862549,792.36578369
914.52862549,792.36578369
910.57666016,1130.71179199
920.42053223,316.62863159
916.12994385,696.99414062
917.51586914,582.27362061
912.23010254,1024.61962891
917.53686523,594.64312744
911.67321777,1091.76977539
911.67321777,1091.76977539
913.95904541,912.42425537
907.95672607,1424.39892578
915.96929932,758.19219971
916.62664795,708.72674561
903.73876953,1794.75756836
921.77337646,296.78045654
903.33471680,1848.73657227
915.59124756,823.89227295
915.20043945,857.67590332
915.20043945,857.67590332
918.32684326,600.94354248
915.44116211,846.86022949
915.44116211,846.86022949
918.74566650,573.09313965
915.69744873,832.08813477
915.69744873,832.08813477
920.94152832,402.61862183
919.54486084,542.66784668
919.54486084,542.66784668
917.24316406,737.59014893
920.84564209,441.96740723
918.97186279,605.93072510
914.43212891,995.80230713
912.54168701,1160.61450195
914.96673584,972.57812500
914.64270020,1000.59033203
915.97790527,893.59619141
909.10174561,1475.74829102
908.44818115,1542.47839355
915.53265381,944.50463867
924.63128662,185.22222900
919.42034912,631.80786133
921.65612793,449.65090942
925.54730225,130.60150146
920.79022217,557.72894287
920.88476562,551.09997559
919.41333008,687.33947754
922.99420166,387.00286865
916.17803955,978.64147949
924.61297607,260.56756592
920.12786865,644.13958740
919.49060059,702.27899170
916.31555176,978.61749268
927.87805176,1.82228494
916.51281738,1007.90490723
916.51281738,1007.90490723
916.58514404,1003.73553467
918.10137939,878.37255859
918.10137939,878.37255859
916.26251221,1042.22705078
917.01367188,989.55236816
919.89178467,754.35559082
921.26629639,640.82763672
924.10894775,407.39895630
919.94329834,777.30743408
918.38403320,912.08239746
922.47589111,578.94146729
916.40551758,1100.32800293
916.40551758,1100.32800293
921.31414795,683.76550293
918.14147949,967.10546875
923.32281494,536.48974609
925.11059570,393.70248413
925.23608398,393.30899048
925.37677002,382.76806641
919.52264404,892.79217529
918.13970947,1015.37622070
929.80541992,13.84061050
918.33959961,1008.89025879
919.12915039,958.03271484
923.19982910,607.73455811
923.19982910,607.73455811
917.34948730,1123.06152344
920.65008545,843.10363770
920.25524902,900.50738525
920.25524902,900.50738525
920.05279541,924.88122559
918.71643066,1050.64465332
920.15124512,935.31402588
920.15124512,935.31402588
920.63647461,908.27923584
925.14929199,547.02874756
910.94842529,1804.10949707
925.21295166,591.01275635
918.83526611,1153.18408203
920.63031006,996.66949463
921.17053223,980.59918213
926.47576904,519.16455078
923.16894531,818.65612793
926.97668457,492.87231445
922.05438232,947.15655518
922.05438232,947.15655518
926.90722656,531.39721680
922.70678711,915.22467041
928.27758789,441.29879761
926.49304199,612.66552734
925.87634277,669.09100342
925.87634277,669.09100342
924.55505371,791.52282715
932.09796143,129.56729126
932.09796143,129.56729126
924.95092773,761.80999756
925.65942383,707.15576172
925.66479492,707.04272461
926.03155518,675.04064941
925.18640137,751.28027344
926.01672363,681.43493652
928.49780273,464.50698853
930.57403564,305.04739380
927.12432861,618.71557617
925.97467041,730.83520508
923.76739502,929.64788818
927.29852295,618.74493408
923.04418945,1000.45947266
913.39666748,1878.49060059
924.13769531,938.72589111
924.13769531,938.72589111
924.76733398,885.73724365
925.35919189,838.06866455
930.37756348,394.79025269
917.63208008,1537.61572266
927.66137695,654.80883789
924.24707031,975.17858887
924.68646240,966.70697021
935.24407959,28.49389076
927.05499268,775.32763672
923.14440918,1133.02233887
929.74285889,551.34136963
923.36981201,1129.08435059
930.26605225,532.28137207
926.52362061,882.98858643
919.30627441,1542.34423828
927.13214111,857.26293945
929.51226807,677.29833984
926.04473877,998.13183594
929.62500000,677.20117188
928.63366699,769.89245605
928.63366699,769.89245605
930.19641113,632.57714844
927.29949951,894.99713135
927.85412598,848.33978271
926.13409424,1012.14849854
917.47174072,1797.82348633
927.16992188,942.91271973
931.03436279,606.47229004
924.95855713,1156.78149414
934.40142822,318.85717773
928.62097168,842.27746582
930.52844238,683.27423096
930.52844238,683.27423096
928.44927979,880.28057861
928.44927979,880.28057861
936.53210449,173.41506958
929.07775879,872.68151855
928.61047363,919.53173828
928.27044678,954.21917725
928.27044678,954.21917725
931.19732666,694.26617432
935.51123047,325.37258911
934.99322510,373.69174194
934.99322510,373.69174194
933.36865234,524.33923340
933.34027100,534.61584473
929.26812744,911.89312744
929.26245117,975.84112549
940.07049561,6.27405500
935.16149902,468.45910645
934.17614746,570.45001221
920.84466553,1804.91638184
920.84466553,1804.91638184
931.49719238,835.50433350
920.29437256,1870.51599121
929.30975342,1060.35961914
929.30975342,1060.35961914
929.85180664,1027.66748047
933.88940430,666.10736084
921.42504883,1853.90759277
935.02642822,608.08764648
928.63018799,1198.30383301
936.33093262,501.44802856
936.33093262,501.44802856
930.55273438,1056.27319336
934.58276367,684.55407715
931.91076660,939.17388916
935.28381348,674.15026855
938.61462402,380.01364136
931.81115723,1033.99084473
932.46368408,997.59832764
932.46368408,997.59832764
938.93408203,400.47662354
933.42883301,915.26922607
933.08435059,960.53698730
937.71270752,589.65148926
934.43255615,907.50268555
938.52233887,525.15673828
933.82312012,973.63671875
933.82312012,973.63671875
936.94567871,699.82635498
935.32128906,856.10180664
938.08288574,600.62268066
936.83721924,734.68731689
938.17919922,611.35064697
935.39221191,880.29028320
935.39221191,880.29028320
936.64495850,774.38305664
940.34826660,441.17218018
933.70666504,1079.16198730
945.10961914,13.82736874
938.11389160,693.70971680
934.47045898,1059.71484375
934.99700928,1043.49169922
934.99700928,1043.49169922
939.53131104,614.88299561
945.30780029,78.58032990
936.91400146,900.98492432
935.70947266,1018.76843262
935.70947266,1018.76843262
938.64422607,748.78674316
939.29071045,687.93988037
938.05694580,809.68670654
937.54528809,867.31152344
937.85589600,843.84332275
937.14166260,1007.47656250
939.87158203,756.15429688
944.53082275,320.83505249
940.76367188,683.77673340
942.51275635,520.99414062
940.01702881,767.67041016
943.26354980,456.35906982
928.66558838,1861.78332520
928.66558838,1861.78332520
939.75164795,838.29296875
937.43847656,1066.73498535
944.73950195,369.29498291
939.24371338,916.44812012
939.24371338,916.44812012
938.49786377,1023.27239990
941.67510986,722.75842285
944.35266113,474.04757690
945.51202393,400.79312134
942.18713379,734.32043457
939.88500977,971.56463623
942.32983398,734.42376709
941.06158447,863.29443359
942.72473145,728.14855957
942.72473145,728.14855957
940.93164062,921.31982422
940.93164062,921.31982422
943.27526855,693.98315430
940.54595947,963.66418457
940.17559814,1002.85052490
944.41546631,608.82324219
941.98828125,862.28082275
942.95861816,813.04901123
939.74298096,1147.61035156
943.49078369,819.33453369
942.48376465,932.41485596
942.48376465,932.41485596
941.98962402,1018.94940186
950.76214600,170.87557983
950.76214600,170.87557983
942.52642822,992.32360840
948.28497314,439.30877686
943.39135742,956.69592285
947.82635498,521.31048584
946.50341797,654.27075195
944.62084961,841.04400635
947.00189209,618.26855469
943.49603271,981.47167969
944.97314453,854.29486084
947.87176514,599.13165283
935.77673340,1803.18798828
934.91070557,1889.69824219
934.91070557,1889.69824219
934.91430664,1889.38781738
936.19451904,1860.34997559
946.91278076,789.42987061
949.68743896,536.65863037
945.02832031,1016.09777832
954.82324219,54.51691818
944.20312500,1126.77001953
946.56573486,898.40081787
955.14367676,38.74227142
955.31744385,32.30257797
945.65026855,1007.92846680
948.07910156,811.16168213
938.08343506,1880.44238281
950.93621826,588.85595703
948.23052979,919.53997803
947.79290771,978.40478516
949.17272949,870.31536865
949.33184814,856.53326416
947.56622314,1037.78894043
947.15032959,1100.08020020
951.92242432,626.65423584
952.04370117,627.19976807
949.18457031,928.77050781
947.11993408,1149.01586914
947.75952148,1085.67285156
949.51165771,914.28204346
952.95672607,606.93280029
949.77130127,964.48852539
951.54467773,802.32812500
953.63513184,615.00793457
942.82647705,1812.90490723
942.82647705,1812.90490723
950.55267334,1043.36181641
950.53521729,1056.83752441
947.75109863,1353.18249512
947.75109863,1353.18249512
953.21746826,789.16607666
950.79852295,1049.35339355
950.79852295,1049.35339355
954.63391113,671.79022217
954.63391113,671.79022217
951.53131104,1000.48803711
960.55572510,58.48806381
954.12237549,860.45812988
952.91174316,987.91351318
955.07403564,772.44580078
947.77239990,1548.18811035
952.29541016,1078.76806641
955.18200684,778.13616943
952.40509033,1109.76855469
957.10180664,621.52026367
954.72930908,879.80700684
953.55401611,1011.42456055
961.90563965,129.79730225
953.22259521,1072.85388184
953.22259521,1072.85388184
953.22259521,1072.85388184
952.81866455,1139.86352539
955.38262939,870.28826904
954.42999268,1034.96569824
954.86993408,995.65374756
963.09326172,122.25511932
955.36901855,947.44549561
955.36901855,947.44549561
946.43615723,1908.63232422
954.11437988,1107.41577148
956.35668945,890.09002686
948.14385986,1781.16357422
955.73315430,1022.02044678
959.09509277,695.28533936
964.22961426,146.51338196
949.16528320,1805.86096191
957.32214355,943.58593750
956.25445557,1059.98620605
959.68090820,707.74890137
957.72949219,951.52246094
965.10156250,153.62782288
965.10156250,153.62782288
953.35211182,1471.86486816
958.96374512,924.59375000
957.41503906,1096.44592285
958.90588379,972.35168457
958.90588379,972.35168457
958.70397949,1108.37023926
961.19329834,850.32415771
960.27862549,951.26837158
951.84906006,1881.32446289
958.83404541,1121.63195801
961.34045410,855.89355469
967.53820801,203.66061401
953.01000977,1864.81127930
961.42224121,960.56036377
960.63226318,1071.03771973
960.63226318,1071.03771973
963.94885254,761.47076416
961.99554443,985.35583496
964.35339355,753.93359375
964.03186035,792.14416504
961.82562256,1041.54528809
965.04742432,694.69500732
965.46295166,693.67279053
962.96984863,1128.79272461
964.17370605,1037.60607910
971.17260742,295.84631348
964.67767334,1046.53698730
965.53118896,954.26666260
964.82989502,1046.62792969
965.14184570,1020.72705078
966.96685791,839.96917725
965.20172119,1058.50378418
966.58972168,965.63842773
966.80065918,949.32147217
959.56500244,1912.46362305
967.24426270,1033.93737793
968.32342529,1033.32385254
970.49682617,780.54339600
970.44647217,848.71838379
961.99926758,1871.72888184
971.47753906,859.98999023
970.72357178,1004.37506104
971.25787354,979.67639160
971.68280029,951.33648682
972.85528564,873.97143555
970.37670898,1210.14062500
972.39849854,1080.10424805
972.07684326,1214.62011719
972.07684326,1214.62011719
969.52832031,1547.99755859
974.31903076,1033.08239746
976.75915527,942.29473877
977.78723145,868.74719238
977.12066650,973.28723145
977.41046143,953.29528809
982.27160645,352.81289673
970.58331299,1869.20764160
982.73077393,359.10430908
979.63098145,966.85095215
977.19305420,1353.38330078
980.58599854,1027.78234863
974.67242432,1908.12243652
982.35559082,933.82092285
975.11553955,1889.85559082
976.25891113,1808.14038086
976.25891113,1808.14038086
976.73431396,1818.91784668
976.73431396,1818.91784668
987.95532227,385.03790283
983.41040039,1039.22619629
983.34765625,1070.29809570
984.22082520,966.00213623
988.51110840,432.33743286
988.56170654,432.41107178
978.08862305,1915.98706055
984.76361084,1051.47937012
985.19879150,1058.77209473
986.11938477,1065.54418945
983.07879639,1548.12634277
983.70721436,1481.47949219
992.90679932,471.23989868
989.02197266,1030.86853027
984.50347900,1813.88073730
994.75775146,503.83462524
990.14465332,1351.04455566
987.65405273,1829.13598633
997.66296387,623.94879150
991.14239502,1817.49243164
997.58471680,1045.92626953
994.66412354,1540.46057129
1002.64440918,589.83428955
997.37634277,1413.66113281
1004.21405029,625.96691895
1005.85168457,631.84686279
1005.85168457,631.84686279
1003.41302490,1688.18298340
1004.51690674,1616.82275391
1011.04101562,800.71740723
1005.71221924,1833.64819336
1008.71643066,1337.34851074
1007.31506348,1820.45800781
1013.96051025,717.25671387
1009.26379395,1682.69689941
1014.74737549,756.88043213
1009.57830811,1678.09436035
1016.27728271,715.09912109
1012.75421143,1761.28295898
1013.41650391,1904.88732910
1019.49188232,895.81402588
1020.24279785,808.49768066
1020.14312744,1340.24572754
1020.14312744,1340.24572754
1030.44433594,24.52386475
1022.18090820,1823.71655273
1032.57507324,31.59098053
1026.13903809,1838.99792480
1027.29235840,1887.72912598
1028.42639160,1680.36352539
1027.58764648,1905.76037598
1032.62463379,955.51519775
1039.86926270,28.32618332
1038.55236816,1680.82067871
1040.34667969,1612.87255859
1044.85424805,1693.60229492
1046.88354492,1829.55627441
1061.10424805,149.10820007
1063.55029297,146.94830322
1063.55029297,146.94830322
1066.36279297,129.47515869
1067.87768555,142.86602783
1067.87768555,142.86602783
1068.10180664,86.62799072
1069.19396973,177.82263184
1069.19396973,177.82263184
1069.94262695,207.53321838
1071.48657227,187.55374146
1071.76354980,132.43695068
1071.58337402,397.45016479
1072.91650391,165.79412842
